10
-0.97390652851717172007796401208445205342826994669238211923121206669659520323463790	0.06667134430868813759356880989333179285786483432015814512869488161341206408409128
-0.86506336668898451073209668842349304852754301496533045252195973184537475513805740	0.14945134915058059314577633965769733240255663966942736783547726875323865472662780
-0.67940956829902440623432736511487357576929471183480946766481718895255857539507530	0.21908636251598204399553493422816319245877187052267708988095654363519991065295140
-0.43339539412924719079926594316578416220007183765624649650270151314376698907770160	0.26926671930999635509122692156946935285975993846088379580056327624215343231918470
-0.14887433898163121088482600112971998461756485942069169570798925351590361735566980	0.29552422471475287017389299465133832942104671702685360135430802975599593821716470
0.14887433898163121088482600112971998461756485942069169570798925351590361735566980	0.29552422471475287017389299465133832942104671702685360135430802975599593821716470
0.43339539412924719079926594316578416220007183765624649650270151314376698907770160	0.26926671930999635509122692156946935285975993846088379580056327624215343231918470
0.67940956829902440623432736511487357576929471183480946766481718895255857539507530	0.21908636251598204399553493422816319245877187052267708988095654363519991065295140
0.86506336668898451073209668842349304852754301496533045252195973184537475513805740	0.14945134915058059314577633965769733240255663966942736783547726875323865472662780
0.97390652851717172007796401208445205342826994669238211923121206669659520323463790	0.06667134430868813759356880989333179285786483432015814512869488161341206408409128

