13
-0.98418305471858814947282944880710961106499056192587490869400732042859523787562820	0.04048400476531587952002159220098606004198654574498886813504660750499446051279797
-0.91759839922297796520654783650071951239047479011168329589528534565965920858961280	0.09212149983772844791442177595379712092368399986223683908839154733959372972763438
-0.80157809073330991279420648958285989030561572479050002989738471385922211622664030	0.13887351021978723846360177686887146762186271826329822764635501650577252153488740
-0.64234933944034022064398460699551565007169739826157685738914240791864355314499470	0.17814598076194573828004669199609799551281265066101650298679444028914506949875120
-0.44849275103644685287791285212763986780192166744175787895828294745824409206621660	0.20781604753688850231252321930605276338658260919950354921911111991653854356508860
-0.23045831595513479406552812109798883521154237588353116346926149783716208368858150	0.22628318026289723841209018603977661843475773761555701986496854877157566312051100
0.00000000000000000000000000000000000000000000000000000000000000000000000000000000	0.23255155323087391019458951526883594815662747730679798611866543934476002408071160
0.23045831595513479406552812109798883521154237588353116346926149783716208368858150	0.22628318026289723841209018603977661843475773761555701986496854877157566312051100
0.44849275103644685287791285212763986780192166744175787895828294745824409206621660	0.20781604753688850231252321930605276338658260919950354921911111991653854356508860
0.64234933944034022064398460699551565007169739826157685738914240791864355314499470	0.17814598076194573828004669199609799551281265066101650298679444028914506949875120
0.80157809073330991279420648958285989030561572479050002989738471385922211622664030	0.13887351021978723846360177686887146762186271826329822764635501650577252153488740
0.91759839922297796520654783650071951239047479011168329589528534565965920858961280	0.09212149983772844791442177595379712092368399986223683908839154733959372972763438
0.98418305471858814947282944880710961106499056192587490869400732042859523787562820	0.04048400476531587952002159220098606004198654574498886813504660750499446051279797

