14
-0.98628380869681233884159726670405280167609140723922588164407081177774955413249320	0.03511946033175186303183287613819178061970560927712727658149989019641632283781377
-0.92843488366357351733639113937787426447703921040983761871796244748213109354436240	0.08015808715976020980563327706285430958369778539459476520139906548957147445729030
-0.82720131506976499318979474265039496103970110147508118156070905424147983081003060	0.12151857068790318468941480907247662595666934569007467229107539254315974389252330
-0.68729290481168547014801980301933413753840121274717067561926648862818489618313320	0.15720316715819353456960193862384215660566803733732337496931704387476817636960980
-0.51524863635815409196529071855118866230888528256930603695150476909278495183205710	0.18553839747793781374171659012515703624892260293733165902003492506909835026352800
-0.31911236892788976043567182416847546683426120353384395659665018725733344051279080	0.20519846372129560396592406566121805571033906130941945171689729028336714482525560
-0.10805494870734366206624465021983474761195160547423755704082106130801352901173120	0.21526385346315779019587644331626003527499755805412880021977639254361878735400720
0.10805494870734366206624465021983474761195160547423755704082106130801352901173120	0.21526385346315779019587644331626003527499755805412880021977639254361878735400720
0.31911236892788976043567182416847546683426120353384395659665018725733344051279080	0.20519846372129560396592406566121805571033906130941945171689729028336714482525560
0.51524863635815409196529071855118866230888528256930603695150476909278495183205710	0.18553839747793781374171659012515703624892260293733165902003492506909835026352800
0.68729290481168547014801980301933413753840121274717067561926648862818489618313320	0.15720316715819353456960193862384215660566803733732337496931704387476817636960980
0.82720131506976499318979474265039496103970110147508118156070905424147983081003060	0.12151857068790318468941480907247662595666934569007467229107539254315974389252330
0.92843488366357351733639113937787426447703921040983761871796244748213109354436240	0.08015808715976020980563327706285430958369778539459476520139906548957147445729030
0.98628380869681233884159726670405280167609140723922588164407081177774955413249320	0.03511946033175186303183287613819178061970560927712727658149989019641632283781377

