15
-0.98799251802048542848956571858661258114697281712376148999999751558738843736902100	0.03075324199611726835462839357720441772174814483343407426422828550423718946712324
-0.93727339240070590430775894771020947124399627351530445790136307635020297379704820	0.07036604748810812470926741645066733846670803275433071982590729291438705551287835
-0.84820658341042721620064832077421685136625617473699263409572755876067507517414770	0.10715922046717193501186954668586930341554371575810198068702238912187799485231350
-0.72441773136017004741618605461393800963089929458410256355142342070412378167792550	0.13957067792615431444780479451102832252085027531551124320239112863108844454190770
-0.57097217260853884753722673725391064123838639628274960485326541705419537986975970	0.16626920581699393355320086048120881113090018009841290732186519056355356321228110
-0.39415134707756336989720737098104546836275277615869825503116534395160895778696100	0.18616100001556221102680056186642282450622601227792840281549572731001325550270320
-0.20119409399743452230062830339459620781283645446263767961594972460994823900301990	0.19843148532711157645611832644383932481869255995754199348473792792912479753344320
0.00000000000000000000000000000000000000000000000000000000000000000000000000000000	0.20257824192556127288062019996751931483866215800947735679670411605143539875475390
0.20119409399743452230062830339459620781283645446263767961594972460994823900301990	0.19843148532711157645611832644383932481869255995754199348473792792912479753344320
0.39415134707756336989720737098104546836275277615869825503116534395160895778696100	0.18616100001556221102680056186642282450622601227792840281549572731001325550270320
0.57097217260853884753722673725391064123838639628274960485326541705419537986975970	0.16626920581699393355320086048120881113090018009841290732186519056355356321228110
0.72441773136017004741618605461393800963089929458410256355142342070412378167792550	0.13957067792615431444780479451102832252085027531551124320239112863108844454190770
0.84820658341042721620064832077421685136625617473699263409572755876067507517414770	0.10715922046717193501186954668586930341554371575810198068702238912187799485231350
0.93727339240070590430775894771020947124399627351530445790136307635020297379704820	0.07036604748810812470926741645066733846670803275433071982590729291438705551287835
0.98799251802048542848956571858661258114697281712376148999999751558738843736902100	0.03075324199611726835462839357720441772174814483343407426422828550423718946712324

