16
-0.98940093499164993259615417345033262742627407165764513005122390473132413721582670	0.02715245941175409485178057245601810351226737556676079799061031907380411366422274
-0.94457502307323257607798841553460834509113927259107260092555365206660978890268590	0.06225352393864789286284383699437769427498650835290685790130351581953573888704663
-0.86563120238783174388046789771239313238733538484752670810351142556776039771249170	0.09515851168249278480992510760224622635526350318371265815682228722963175957768009
-0.75540440835500303389510119484744226835381365645750300978175717692229686103127350	0.12462897125553387205247628219201642014488685922220267994475059042941096392146240
-0.61787624440264374844667176404879101899188221776565779410379735554173331775481090	0.14959598881657673208150173054747854897049106820783646680542196218736040402042000
-0.45801677765722738634241944298357757354003161303552349090115475094775917429029510	0.16915651939500253818931207903035996221163947341602828174508293568080366420993210
-0.28160355077925891323046050146049610648606949077059980054883473395592517949912890	0.18260341504492358886676366796921993938355622365464928241849514437943046495011640
-0.09501250983763744018531933542495806313035305568906545669721981722512529824459326	0.18945061045506849628539672320828310514690898839590297503751324520002289076914320
0.09501250983763744018531933542495806313035305568906545669721981722512529824459326	0.18945061045506849628539672320828310514690898839590297503751324520002289076914320
0.28160355077925891323046050146049610648606949077059980054883473395592517949912890	0.18260341504492358886676366796921993938355622365464928241849514437943046495011640
0.45801677765722738634241944298357757354003161303552349090115475094775917429029510	0.16915651939500253818931207903035996221163947341602828174508293568080366420993210
0.61787624440264374844667176404879101899188221776565779410379735554173331775481090	0.14959598881657673208150173054747854897049106820783646680542196218736040402042000
0.75540440835500303389510119484744226835381365645750300978175717692229686103127350	0.12462897125553387205247628219201642014488685922220267994475059042941096392146240
0.86563120238783174388046789771239313238733538484752670810351142556776039771249170	0.09515851168249278480992510760224622635526350318371265815682228722963175957768009
0.94457502307323257607798841553460834509113927259107260092555365206660978890268590	0.06225352393864789286284383699437769427498650835290685790130351581953573888704663
0.98940093499164993259615417345033262742627407165764513005122390473132413721582670	0.02715245941175409485178057245601810351226737556676079799061031907380411366422274

