17
-0.99057547531441733567543401994066527650778985045956430278390878674234385747062360	0.02414830286854793196011002628756532469169731594502527831118514883021839670551678
-0.95067552176876776122271695789580302144338504655910870766996921241211536627220170	0.05545952937398720112944016535824466051284625195322884699372407871025742600333807
-0.88023915372698590212295569448815569262341681793442790035191015932402713050441300	0.08503614831717918088353537019106207385049138921850547576641036073878399278748098
-0.78151400389680140692523005552047605022397247274056851251331453551257761615951430	0.11188384719340397109478838562635592673584342426307705001848648244909567964360730
-0.65767115921669076585030221664300233514780589147597324380523169550732429757469790	0.13513636846852547328631998170235019737212585323448902037799461068886724298994030
-0.51269053708647696788624656862955187458292372241117290591273149896428492494278620	0.15404576107681028808143159480195861194048305847101793438526471135144674185967890
-0.35123176345387631529718551709534600504053975157567502331916101954779426164674920	0.16800410215645004450997066378832315502119812896507401426995585134032310650002880
-0.17848418149584785585067749365406555747541933269152564356295181427069755047930030	0.17656270536699264632527099011319723915092441800074811804314440691320903620729180
0.00000000000000000000000000000000000000000000000000000000000000000000000000000000	0.17944647035620652545826564426188562144878031989766852366766869795559675460628770
0.17848418149584785585067749365406555747541933269152564356295181427069755047930030	0.17656270536699264632527099011319723915092441800074811804314440691320903620729180
0.35123176345387631529718551709534600504053975157567502331916101954779426164674920	0.16800410215645004450997066378832315502119812896507401426995585134032310650002880
0.51269053708647696788624656862955187458292372241117290591273149896428492494278620	0.15404576107681028808143159480195861194048305847101793438526471135144674185967890
0.65767115921669076585030221664300233514780589147597324380523169550732429757469790	0.13513636846852547328631998170235019737212585323448902037799461068886724298994030
0.78151400389680140692523005552047605022397247274056851251331453551257761615951430	0.11188384719340397109478838562635592673584342426307705001848648244909567964360730
0.88023915372698590212295569448815569262341681793442790035191015932402713050441300	0.08503614831717918088353537019106207385049138921850547576641036073878399278748098
0.95067552176876776122271695789580302144338504655910870766996921241211536627220170	0.05545952937398720112944016535824466051284625195322884699372407871025742600333807
0.99057547531441733567543401994066527650778985045956430278390878674234385747062360	0.02414830286854793196011002628756532469169731594502527831118514883021839670551678

