19
-0.99240684384358440318901767025326049358931640140321078667967943909123190295852480	0.01946178822972647703631204146443843575290660906928664079268047246160143756811095
-0.96020815213483003085277884068765152661509150327413810591781633443220074993749100	0.04481422676569960033283815740199421195175422746785760208585452676764299138428287
-0.90315590361481790164266092853231248780939393405735581769503242476163580459010630	0.06904454273764122658070825800601304496184803168761313112290042769603497490643722
-0.82271465653714282497892248671271390177453848620683004136986388860550034290368730	0.09149002162244999946446209412383965266091165129659878466498934490206222104379469
-0.72096617733522937861709586082378162965714183290866677493859047138661455914798680	0.11156664554733399471602390168176599748133185383989377552146114287645897610564510
-0.60054530466168102346963816494623927986832208273229256758658672566838490869687150	0.12875396253933622767551578485687711705583957709346303454710438462230360405663380
-0.46457074137596094571726714810410236797628571462413659698430887757568412111342560	0.14260670217360661177574610944190297247566834482447386092657165590645824847290460
-0.31656409996362983199011732884984491789228521913288724515572898679789288582057610	0.15276604206585966677885540089766299846100826723642862352310155307481104365106780
-0.16035864564022537586809611574074354950487350047087537887464345160632060868039070	0.15896884339395434764995643946504720167878015819512609575117491532474097858339310
0.00000000000000000000000000000000000000000000000000000000000000000000000000000000	0.16105444984878369597916362532091673503990255857851690212832315273577104845550520
0.16035864564022537586809611574074354950487350047087537887464345160632060868039070	0.15896884339395434764995643946504720167878015819512609575117491532474097858339310
0.31656409996362983199011732884984491789228521913288724515572898679789288582057610	0.15276604206585966677885540089766299846100826723642862352310155307481104365106780
0.46457074137596094571726714810410236797628571462413659698430887757568412111342560	0.14260670217360661177574610944190297247566834482447386092657165590645824847290460
0.60054530466168102346963816494623927986832208273229256758658672566838490869687150	0.12875396253933622767551578485687711705583957709346303454710438462230360405663380
0.72096617733522937861709586082378162965714183290866677493859047138661455914798680	0.11156664554733399471602390168176599748133185383989377552146114287645897610564510
0.82271465653714282497892248671271390177453848620683004136986388860550034290368730	0.09149002162244999946446209412383965266091165129659878466498934490206222104379469
0.90315590361481790164266092853231248780939393405735581769503242476163580459010630	0.06904454273764122658070825800601304496184803168761313112290042769603497490643722
0.96020815213483003085277884068765152661509150327413810591781633443220074993749100	0.04481422676569960033283815740199421195175422746785760208585452676764299138428287
0.99240684384358440318901767025326049358931640140321078667967943909123190295852480	0.01946178822972647703631204146443843575290660906928664079268047246160143756811095

