20
-0.99312859918509492478612238847132027822264713090165589614818413121798471762775560	0.01761400713915211831186196235185281636214310554333673252434932667734841925962728
-0.96397192727791379126766613119727722191206032780618885606353759389204158078438580	0.04060142980038694133103995227493210987909063998995153681760685456183229675098991
-0.91223442825132590586775244120329811304918479742369177479588221915807089120872040	0.06267204833410906356950653518704160635160107657843636409958434543797481103366481
-0.83911697182221882339452906170152068532962936506563737325249272553286109399932740	0.08327674157670474872475814322204620610017782858316329074488206078569308289407688
-0.74633190646015079261430507035564159031073067956917644413954590606853535503815460	0.10193011981724043503675013548034987616669165602339255626197161619685232202539230
-0.63605368072651502545283669622628593674338911679936846393944662254654126258543190	0.11819453196151841731237737771138228700504121954896877544688995202017474835051320
-0.51086700195082709800436405095525099842549132920242683347234861989473497039076490	0.13168863844917662689849449974816313491611051114698352699643649370885435642948270
-0.37370608871541956067254817702492723739574632170568271182794861351564576437306090	0.14209610931838205132929832506716493303451541339202030333736708298382808749793780
-0.22778585114164507808049619536857462474308893768292747231463573920717134186355420	0.14917298647260374678782873700196943669267990408136831649621121780984442259559260
-0.07652652113349733375464040939883821100479626681349750080479524438425634204833797	0.15275338713072585069808433195509759349194864511237859727470104981759745316274870
0.07652652113349733375464040939883821100479626681349750080479524438425634204833797	0.15275338713072585069808433195509759349194864511237859727470104981759745316274870
0.22778585114164507808049619536857462474308893768292747231463573920717134186355420	0.14917298647260374678782873700196943669267990408136831649621121780984442259559260
0.37370608871541956067254817702492723739574632170568271182794861351564576437306090	0.14209610931838205132929832506716493303451541339202030333736708298382808749793780
0.51086700195082709800436405095525099842549132920242683347234861989473497039076490	0.13168863844917662689849449974816313491611051114698352699643649370885435642948270
0.63605368072651502545283669622628593674338911679936846393944662254654126258543190	0.11819453196151841731237737771138228700504121954896877544688995202017474835051320
0.74633190646015079261430507035564159031073067956917644413954590606853535503815460	0.10193011981724043503675013548034987616669165602339255626197161619685232202539230
0.83911697182221882339452906170152068532962936506563737325249272553286109399932740	0.08327674157670474872475814322204620610017782858316329074488206078569308289407688
0.91223442825132590586775244120329811304918479742369177479588221915807089120872040	0.06267204833410906356950653518704160635160107657843636409958434543797481103366481
0.96397192727791379126766613119727722191206032780618885606353759389204158078438580	0.04060142980038694133103995227493210987909063998995153681760685456183229675098991
0.99312859918509492478612238847132027822264713090165589614818413121798471762775560	0.01761400713915211831186196235185281636214310554333673252434932667734841925962728

