21
-0.99375217062038950026024203593794092919333845478232918558087385471309610902299450	0.01601722825777433332422461685847101526589042211790248254817791011355876736132441
-0.96722683856630629431662221490769516142469368732984684995297112808512096000508330	0.03695378977085249379995066829932966618894430814872983742716918187878575115756935
-0.92009933415040082879018713371496889415914760964822169717613548709098156306940840	0.05713442542685720828363582647244795749128759682625604144250732342704905539965197
-0.85336336458331728364725063858756767027610580317934397074299162939424290628383870	0.07610011362837930201705165330018317922615435242396602852146848581645351658659831
-0.76843996347567790861587785130622803482097670577136955086872666503001874253970010	0.09344442345603386155328974111393208848352664736159284486669527163257789777371008
-0.66713880419741231930596666999033916259702934331140284247546708234719419311569860	0.10879729916714837766347457807010564203369959579385633055278208716897364376627100
-0.55161883588721980705901879672431328662206022423067966500430583949960478171168340	0.12183141605372853419536717712573359835633762556153745024298380784275890122935190
-0.42434212020743878357366888854378805209644523183963458422425823589648688367880260	0.13226893863333746178105257449677560432901154014315682321835032315178259856523250
-0.28802131680240109660079251606460031990901826364603322875428152474924494294184190	0.13988739479107315472213342386758311089279316095491960437373132632424326246521070
-0.14556185416089509093703098233868633011632602443793775742148838998554728088331970	0.14452440398997005906382716655375254360994996219709983475247298888609730934340020
0.00000000000000000000000000000000000000000000000000000000000000000000000000000000	0.14608113364969042719198514768337118824480957694196544410732258751543859270340570
0.14556185416089509093703098233868633011632602443793775742148838998554728088331970	0.14452440398997005906382716655375254360994996219709983475247298888609730934340020
0.28802131680240109660079251606460031990901826364603322875428152474924494294184190	0.13988739479107315472213342386758311089279316095491960437373132632424326246521070
0.42434212020743878357366888854378805209644523183963458422425823589648688367880260	0.13226893863333746178105257449677560432901154014315682321835032315178259856523250
0.55161883588721980705901879672431328662206022423067966500430583949960478171168340	0.12183141605372853419536717712573359835633762556153745024298380784275890122935190
0.66713880419741231930596666999033916259702934331140284247546708234719419311569860	0.10879729916714837766347457807010564203369959579385633055278208716897364376627100
0.76843996347567790861587785130622803482097670577136955086872666503001874253970010	0.09344442345603386155328974111393208848352664736159284486669527163257789777371008
0.85336336458331728364725063858756767027610580317934397074299162939424290628383870	0.07610011362837930201705165330018317922615435242396602852146848581645351658659831
0.92009933415040082879018713371496889415914760964822169717613548709098156306940840	0.05713442542685720828363582647244795749128759682625604144250732342704905539965197
0.96722683856630629431662221490769516142469368732984684995297112808512096000508330	0.03695378977085249379995066829932966618894430814872983742716918187878575115756935
0.99375217062038950026024203593794092919333845478232918558087385471309610902299450	0.01601722825777433332422461685847101526589042211790248254817791011355876736132441

