25
-0.99555696979049809790878494689390161725756264940480817121080493113293348134372920	0.01139379850102628794790296411323477360332052629290969644894806111618989172977275
-0.97666392145951751149831538647959406774537055531440674467098742731616386753588390	0.02635498661503213726190181529529914493596328170332246875536616578387093400888134
-0.94297457122897433941401116965847053190520157060899014192745249713729532254404940	0.04093915670130631265562348771164595366084578336410434650469841489929743288021635
-0.89499199787827536885104200678280495417455484975358390306170168295917151090120220	0.05490469597583519192593689154047332416010998555311134904850849824459377467843849
-0.83344262876083400142102110869356956946096411382352078602086471546171813247709270	0.06803833381235691720718718565670796855470949435463656261507122641000365405170696
-0.75925926303735763057728286520436097638752201889833412091838973544501862882026100	0.08014070033500101801323495966911130229022573285367589371620146297361282893480056
-0.67356636847346836448512063324762217588341672807274931705965696177828773684928730	0.09102826198296364981149722070289165338099255895933431097048376896701738467841192
-0.57766293024122296772368984161265406739573503929151825664548350776102301275263130	0.10053594906705064420220689039268582698846609452814190706986904199941294815904530
-0.47300273144571496052218211500919204133181773846162729090723082769560327584128680	0.10851962447426365311609395705011661934007758798672201615649430734883929279361130
-0.36117230580938783773582173012764066742207834704337506979457877784674538239569690	0.11485825914571164833932554586955580864093619166818014959151499003148279667112750
-0.24386688372098843204519036279745158640563315632598447642113565325038747278585540	0.11945576353578477222817812651290104739017670141372642551958788133518409022019200
-0.12286469261071039638735981880803680553220534604978373842389353789270883496885840	0.12224244299031004168895951894585150583505924756305904090758008223203896721918790
0.00000000000000000000000000000000000000000000000000000000000000000000000000000000	0.12317605372671545120390287307905014243823362751815166539135219731691200794926670
0.12286469261071039638735981880803680553220534604978373842389353789270883496885840	0.12224244299031004168895951894585150583505924756305904090758008223203896721918790
0.24386688372098843204519036279745158640563315632598447642113565325038747278585540	0.11945576353578477222817812651290104739017670141372642551958788133518409022019200
0.36117230580938783773582173012764066742207834704337506979457877784674538239569690	0.11485825914571164833932554586955580864093619166818014959151499003148279667112750
0.47300273144571496052218211500919204133181773846162729090723082769560327584128680	0.10851962447426365311609395705011661934007758798672201615649430734883929279361130
0.57766293024122296772368984161265406739573503929151825664548350776102301275263130	0.10053594906705064420220689039268582698846609452814190706986904199941294815904530
0.67356636847346836448512063324762217588341672807274931705965696177828773684928730	0.09102826198296364981149722070289165338099255895933431097048376896701738467841192
0.75925926303735763057728286520436097638752201889833412091838973544501862882026100	0.08014070033500101801323495966911130229022573285367589371620146297361282893480056
0.83344262876083400142102110869356956946096411382352078602086471546171813247709270	0.06803833381235691720718718565670796855470949435463656261507122641000365405170696
0.89499199787827536885104200678280495417455484975358390306170168295917151090120220	0.05490469597583519192593689154047332416010998555311134904850849824459377467843849
0.94297457122897433941401116965847053190520157060899014192745249713729532254404940	0.04093915670130631265562348771164595366084578336410434650469841489929743288021635
0.97666392145951751149831538647959406774537055531440674467098742731616386753588390	0.02635498661503213726190181529529914493596328170332246875536616578387093400888134
0.99555696979049809790878494689390161725756264940480817121080493113293348134372920	0.01139379850102628794790296411323477360332052629290969644894806111618989172977275

