26
-0.99588570114561692900321695932290602595685785511955966739652780940556629663327910	0.01055137261734300715565118768525197790434573717969461455005542763676322229351569
-0.97838544595647099110058035431192630544691656374731850248541486131650515074501560	0.02441785109263190878961582751978840024049592619727034205204689507569171569887021
-0.94715906666171425013591528351803675452071033768431527001826777960985764445246180	0.03796238329436276395030314124885049469077042174404895767531182465280790041633600
-0.90263786198430707421766559923121025134112400537290537255516565477946579910254730	0.05097582529714781199831990072407337952587931854297193482383768599941731245003449
-0.84544594278849801879750706146783816157207510209132956943017647291161691467124070	0.06327404632957483553945368990704509572222284201269451066609588660798839171227167
-0.77638594882067885619296724724228386697621825625519487216316842162703292864082400	0.07468414976565974588707579610284833863874716188104068077903084174281963080937558
-0.69642726041995726486381391372942469786075331779081915170455745383836054699584170	0.08504589431348523921044776507998169658392031677667827618605618141998779201530758
-0.60669229301761806323197874691688705443526457226590989037864331251992812689025250	0.09421380035591414846366488306730319854916574591420727986331490236803449928345311
-0.50844071482450571769570306472556917537630675418575081372110046960392739492935760	0.10205916109442542323841407025343079232720881135424201033187381940865266880547630
-0.40305175512348630648107737709888310365993740969931618258914113354818421704737090	0.10847184052857659065657942672799758228943820342130664452960570860946139927290770
-0.29200483948595689514283538207783029688471938696299037821234419190370162457800820	0.11336181654631966654944071844259814524595036292501521398828792988748910656458260
-0.17685882035689018396905774841834474997738376380126426148034769978404528005541510	0.11666044348529658204466250754036221363196488122192421646016269721126566592832750
-0.05923009342931320709371857519840336079023473538903558215427229168438703611997422	0.11832141527926227651637108570046868464989027082890531809432019937962069474957040
0.05923009342931320709371857519840336079023473538903558215427229168438703611997422	0.11832141527926227651637108570046868464989027082890531809432019937962069474957040
0.17685882035689018396905774841834474997738376380126426148034769978404528005541510	0.11666044348529658204466250754036221363196488122192421646016269721126566592832750
0.29200483948595689514283538207783029688471938696299037821234419190370162457800820	0.11336181654631966654944071844259814524595036292501521398828792988748910656458260
0.40305175512348630648107737709888310365993740969931618258914113354818421704737090	0.10847184052857659065657942672799758228943820342130664452960570860946139927290770
0.50844071482450571769570306472556917537630675418575081372110046960392739492935760	0.10205916109442542323841407025343079232720881135424201033187381940865266880547630
0.60669229301761806323197874691688705443526457226590989037864331251992812689025250	0.09421380035591414846366488306730319854916574591420727986331490236803449928345311
0.69642726041995726486381391372942469786075331779081915170455745383836054699584170	0.08504589431348523921044776507998169658392031677667827618605618141998779201530758
0.77638594882067885619296724724228386697621825625519487216316842162703292864082400	0.07468414976565974588707579610284833863874716188104068077903084174281963080937558
0.84544594278849801879750706146783816157207510209132956943017647291161691467124070	0.06327404632957483553945368990704509572222284201269451066609588660798839171227167
0.90263786198430707421766559923121025134112400537290537255516565477946579910254730	0.05097582529714781199831990072407337952587931854297193482383768599941731245003449
0.94715906666171425013591528351803675452071033768431527001826777960985764445246180	0.03796238329436276395030314124885049469077042174404895767531182465280790041633600
0.97838544595647099110058035431192630544691656374731850248541486131650515074501560	0.02441785109263190878961582751978840024049592619727034205204689507569171569887021
0.99588570114561692900321695932290602595685785511955966739652780940556629663327910	0.01055137261734300715565118768525197790434573717969461455005542763676322229351569

