27
-0.99617926288898856693888720838122999026068805556587118770163649678821774557732710	0.00979899605129436026115005509125909809822581893509159216814040456586263041767397
-0.97992347596150122285587335566104718456764222138995076323885989305238257598022190	0.02268623159618062319603420644676148881276772028816635563144213023907583003581297
-0.95090055781470500685190803064388289309258993348441765093381739078738666880991320	0.03529705375741971102257828930471164113613888952294181158222778509490882662835517
-0.90948232067749110430064501820968925494804433559496095911322755247205626635252830	0.04744941252061506270409671011418471822472562016618472851731001266917821185703902
-0.85620790801829449030273722270684279776428699860350582697718965412880331938581410	0.05898353685983359911030083371953163316524059070641216254021521491382112966360120
-0.79177163907050822714439734410727073291940106574786351240728061204682048487379230	0.06974882376624559298432288835666727613282469325695200037741878162105935880855960
-0.71701347373942369929481621164233954975067205209856314265121620633569483231613670	0.07960486777305777126307495900984240297614667298700295141340876380275272644122312
-0.63290797194649514092773463763448861210307601756933669729511189902340069099708290	0.08842315854375695019432280285374911105653675005109910980587113709659269919145602
-0.54055156457945689490030094155998282095918044898718169037433775003594089671638080	0.09608872737002850756565264655810585916021162953702933442813111353401513478380759
-0.44114825175002688058597415568928145244768459516309938814538721340320069627949710	0.10250163781774579867124771153266380932440989491471732986978183238298747949259790
-0.33599390363850889973031903420728454179002001890759419072498670709500932285455950	0.10757828578853318721216298442665740481896609906376466551235890651519449214402180
-0.22645936543953685885723910736023017117944673292820367664662899718377713377300690	0.11125248835684519267216309604284867483292038008508326709640350969793207827132370
-0.11397258560952996693289498386997662717328053397814099476575390976636548878841060	0.11347634610896514862036994809209925792052451881047202589641654957702233959397440
0.00000000000000000000000000000000000000000000000000000000000000000000000000000000	0.11422086737895698904504573690183524868072144335016533032174771657919412534115840
0.11397258560952996693289498386997662717328053397814099476575390976636548878841060	0.11347634610896514862036994809209925792052451881047202589641654957702233959397440
0.22645936543953685885723910736023017117944673292820367664662899718377713377300690	0.11125248835684519267216309604284867483292038008508326709640350969793207827132370
0.33599390363850889973031903420728454179002001890759419072498670709500932285455950	0.10757828578853318721216298442665740481896609906376466551235890651519449214402180
0.44114825175002688058597415568928145244768459516309938814538721340320069627949710	0.10250163781774579867124771153266380932440989491471732986978183238298747949259790
0.54055156457945689490030094155998282095918044898718169037433775003594089671638080	0.09608872737002850756565264655810585916021162953702933442813111353401513478380759
0.63290797194649514092773463763448861210307601756933669729511189902340069099708290	0.08842315854375695019432280285374911105653675005109910980587113709659269919145602
0.71701347373942369929481621164233954975067205209856314265121620633569483231613670	0.07960486777305777126307495900984240297614667298700295141340876380275272644122312
0.79177163907050822714439734410727073291940106574786351240728061204682048487379230	0.06974882376624559298432288835666727613282469325695200037741878162105935880855960
0.85620790801829449030273722270684279776428699860350582697718965412880331938581410	0.05898353685983359911030083371953163316524059070641216254021521491382112966360120
0.90948232067749110430064501820968925494804433559496095911322755247205626635252830	0.04744941252061506270409671011418471822472562016618472851731001266917821185703902
0.95090055781470500685190803064388289309258993348441765093381739078738666880991320	0.03529705375741971102257828930471164113613888952294181158222778509490882662835517
0.97992347596150122285587335566104718456764222138995076323885989305238257598022190	0.02268623159618062319603420644676148881276772028816635563144213023907583003581297
0.99617926288898856693888720838122999026068805556587118770163649678821774557732710	0.00979899605129436026115005509125909809822581893509159216814040456586263041767397

