33
-0.99742469424645521726616801758040416107822901088136192071704013308544481951227280	0.00660622784758737805864923520847385503105916250321107134953287604725007559989220
-0.98645572623064248811037569826462592158917111421565109972305565823615252945111080	0.01532170151293467612794576853366186675753535478075623678151001071722548593827833
-0.96682290968999276892837770667859224521831433657998659964673162582856128777377160	0.02391554810174948035053325752918624206600836114451491924556293127226971293211144
-0.93869437261116835035583512436355371261443448409654682589660978541603908840965250	0.03230035863232895328156144724943128806825272305067292722953161704350005331774465
-0.90231676774343358304053133151876160747520555819091811495655129076537019345532860	0.04040154133166959156340979052739849616686278838265391694601391861203622369259604
-0.85800965267650406464306148014606847332735106889672006579713641870185988991704350	0.04814774281871169567014688013811964974175114867696906133826921907330759313187531
-0.80616235627416658979620087078277717569771061813544611234712513698656798214583200	0.05547084663166356128494449543925911042050840715022044034425696822554648707628509
-0.74723049644956215785905512489794826885428808646382447861307854286194721118615700	0.06230648253031748003162772577089761142176842757931310682597253128880077830365242
-0.68173195996974278626821594691932813466893518071429402892273851702882452250152470	0.06859457281865671280595507301495865248736109294038869769707091534231260795985152
-0.61024234583637902730728751353809743140634293088803394908953142094842795941301680	0.07427985484395414934247217591847204671009839319625532346496716686053091962505352
-0.53338990478634764354889426499549212545266509222442246935653308972425933246813430	0.07931236479488673836390838494199758808868802939229864270837630672162333199753456
-0.45185001727245069572599327724076705379877173439053117742637848022022139691265190	0.08364787606703870761392801451766059742032768654582601651883280481778315184603351
-0.36633925774807334107022062325387111129693468110014017163820556536695725301143910	0.08724828761884433760728167094544645656669607129390228839164452049037836110050915
-0.27760909715249702940324806729832100575475832927824321891534808932413341174808140	0.09008195866063857723974370550022362118737068207949148498896103099561882375678587
-0.18643929882799157233579875921882398783734430282316534160934583605100169625044720	0.09212398664331684621324097771736306072147100320398172055990358696877164409951847
-0.09363106585473338567074292412253772132150577815263688128202519579289400474864622	0.09335642606559611616099912627427546495200398608863080496621924773900845963083885
0.00000000000000000000000000000000000000000000000000000000000000000000000000000000	0.09376844616020999656730454154634878438447336398182668128674869556807257998292943
0.09363106585473338567074292412253772132150577815263688128202519579289400474864622	0.09335642606559611616099912627427546495200398608863080496621924773900845963083885
0.18643929882799157233579875921882398783734430282316534160934583605100169625044720	0.09212398664331684621324097771736306072147100320398172055990358696877164409951847
0.27760909715249702940324806729832100575475832927824321891534808932413341174808140	0.09008195866063857723974370550022362118737068207949148498896103099561882375678587
0.36633925774807334107022062325387111129693468110014017163820556536695725301143910	0.08724828761884433760728167094544645656669607129390228839164452049037836110050915
0.45185001727245069572599327724076705379877173439053117742637848022022139691265190	0.08364787606703870761392801451766059742032768654582601651883280481778315184603351
0.53338990478634764354889426499549212545266509222442246935653308972425933246813430	0.07931236479488673836390838494199758808868802939229864270837630672162333199753456
0.61024234583637902730728751353809743140634293088803394908953142094842795941301680	0.07427985484395414934247217591847204671009839319625532346496716686053091962505352
0.68173195996974278626821594691932813466893518071429402892273851702882452250152470	0.06859457281865671280595507301495865248736109294038869769707091534231260795985152
0.74723049644956215785905512489794826885428808646382447861307854286194721118615700	0.06230648253031748003162772577089761142176842757931310682597253128880077830365242
0.80616235627416658979620087078277717569771061813544611234712513698656798214583200	0.05547084663166356128494449543925911042050840715022044034425696822554648707628509
0.85800965267650406464306148014606847332735106889672006579713641870185988991704350	0.04814774281871169567014688013811964974175114867696906133826921907330759313187531
0.90231676774343358304053133151876160747520555819091811495655129076537019345532860	0.04040154133166959156340979052739849616686278838265391694601391861203622369259604
0.93869437261116835035583512436355371261443448409654682589660978541603908840965250	0.03230035863232895328156144724943128806825272305067292722953161704350005331774465
0.96682290968999276892837770667859224521831433657998659964673162582856128777377160	0.02391554810174948035053325752918624206600836114451491924556293127226971293211144
0.98645572623064248811037569826462592158917111421565109972305565823615252945111080	0.01532170151293467612794576853366186675753535478075623678151001071722548593827833
0.99742469424645521726616801758040416107822901088136192071704013308544481951227280	0.00660622784758737805864923520847385503105916250321107134953287604725007559989220

