34
-0.99757175379084191924337243745462923140050988268492977293994429655257212995508160	0.00622914055590868471860646107143778612452732842980484594134983837662854408679961
-0.98722781640630948504975043109968497294877014866013221923440890065749020360031850	0.01445016274859503541520221032874699068754043358465606014173403388756891587189320
-0.96870826253334428176464657305599351096780874535347333599206692316486693902162200	0.02256372198549497008409408871495426124903458838818783377146845580087789633337349
-0.94216239740510709163167602546057290300620569233711755821350240169761824167151960	0.03049138063844613180944238768131759103062684538958078747991213977662819580592455
-0.90780967771832446880089988901928746016239757280315209404146319753338522581698100	0.03816659379638751632176592028997655882394700612666735161337668559040373977736293
-0.86593463833456446926357209067129984469663530173678306865959420774588424627773560	0.04552561152335327245382256339527060299823841899631538209462227884038903055082902
-0.81688422790093366459157890658697325839314991097425390211936409194174079387715660	0.05250741457267810616824597484246759965871968094696986592482249882766579200328455
-0.76106487662987301418740896897873683360449936672619692168001610040361332902976290	0.05905413582752449319396097235052619082848618234650448303311109894008261260865328
-0.69893911321626290793300010657577718263776403145575631042344540842848841502046880	0.06511152155407641137854443006489377358363724607281319188475173513664115855807282
-0.63102172708052854531777575551900827781089725407344353104519544500069338558528580	0.07062937581425572499903879656768535500116272049090596511848655436056392906168969
-0.55787550066974664273645988621627458133744137804535389547701762836302056885817190	0.07556197466003193127083397422843572405881926948134146252829336707442046167635870
-0.48010654519032703419410268050739710858735494890390578413410926306850867453245200	0.07986844433977184473881883280643799355055587197219429959490047041705660333913576
-0.39835927775864594063149475293235152934246212965564821464728079079255309923208440	0.08351309969984565518702022804614939058071559385754669160122886214739867800427782
-0.31331108133946324745831676565097799477122986558449294057150606632249500484518850	0.08646573974703574978424685628074758031407069090181757249502276495180683909471795
-0.22566669161644948386864118093434724435218972104798055299535325641700514232451740	0.08870189783569386928707645736488071274428300670380413096632052504020246929476922
-0.13615235725918297589442882433111783149728061776453628210580740238670902210732910	0.09020304437064072957394224201749392884102950005063063569498612276182110512249640
-0.04550982195310254274907567085193016383108415018720540202442509486836048539494033	0.09095674033025987361533760394857795992460561626025944011561256806984402881039073
0.04550982195310254274907567085193016383108415018720540202442509486836048539494033	0.09095674033025987361533760394857795992460561626025944011561256806984402881039073
0.13615235725918297589442882433111783149728061776453628210580740238670902210732910	0.09020304437064072957394224201749392884102950005063063569498612276182110512249640
0.22566669161644948386864118093434724435218972104798055299535325641700514232451740	0.08870189783569386928707645736488071274428300670380413096632052504020246929476922
0.31331108133946324745831676565097799477122986558449294057150606632249500484518850	0.08646573974703574978424685628074758031407069090181757249502276495180683909471795
0.39835927775864594063149475293235152934246212965564821464728079079255309923208440	0.08351309969984565518702022804614939058071559385754669160122886214739867800427782
0.48010654519032703419410268050739710858735494890390578413410926306850867453245200	0.07986844433977184473881883280643799355055587197219429959490047041705660333913576
0.55787550066974664273645988621627458133744137804535389547701762836302056885817190	0.07556197466003193127083397422843572405881926948134146252829336707442046167635870
0.63102172708052854531777575551900827781089725407344353104519544500069338558528580	0.07062937581425572499903879656768535500116272049090596511848655436056392906168969
0.69893911321626290793300010657577718263776403145575631042344540842848841502046880	0.06511152155407641137854443006489377358363724607281319188475173513664115855807282
0.76106487662987301418740896897873683360449936672619692168001610040361332902976290	0.05905413582752449319396097235052619082848618234650448303311109894008261260865328
0.81688422790093366459157890658697325839314991097425390211936409194174079387715660	0.05250741457267810616824597484246759965871968094696986592482249882766579200328455
0.86593463833456446926357209067129984469663530173678306865959420774588424627773560	0.04552561152335327245382256339527060299823841899631538209462227884038903055082902
0.90780967771832446880089988901928746016239757280315209404146319753338522581698100	0.03816659379638751632176592028997655882394700612666735161337668559040373977736293
0.94216239740510709163167602546057290300620569233711755821350240169761824167151960	0.03049138063844613180944238768131759103062684538958078747991213977662819580592455
0.96870826253334428176464657305599351096780874535347333599206692316486693902162200	0.02256372198549497008409408871495426124903458838818783377146845580087789633337349
0.98722781640630948504975043109968497294877014866013221923440890065749020360031850	0.01445016274859503541520221032874699068754043358465606014173403388756891587189320
0.99757175379084191924337243745462923140050988268492977293994429655257212995508160	0.00622914055590868471860646107143778612452732842980484594134983837662854408679961

