39
-0.99814738306643290600547230285182044183200974004966421176121791796500921215733220	0.00475294469163510137077621315490694198569508454183706143965902881296119520907714
-0.99025153685468598363977511724707820470969382104019179625882941958347223762468770	0.01103478893916459424267680545217728945350713937311815593936799764960656111108778
-0.97609870933347105384485031988951849429074741268010170277760373863111164989589000	0.01725622909372491904080547118335504721371590189046231536119328911844039877239372
-0.95577521232465227711089189719108220300177179063887613583055850459824684176615120	0.02336938483217816459471234444292469889119755546375666589435319100349092177664187
-0.92940914848673822969781696435773456184410280950770352688827288274141616182166970	0.02933495598390337859215598635625142561141146710160456530919271000521666052002074
-0.89716711929299288784829109086081365106569207797562300249825142878351892117803790	0.03511511149813133076106518529723281636666148761972668562635370812961967631314296
-0.85925293799990615391379743912604237053508444531982206052615424053113580290448490	0.04067327684793384393905655608226140368757243599606290477644928249830310558015088
-0.81590629743014310435323267840962982772781406052092385735904434373004359246179600	0.04597430110891663188417663939923278059886169303399946391659734220538604266087827
-0.76740124293106349983227240422834294547283411345901066174765116605532532252229740	0.05098466529212940521402103367658133501761308388128490529512758169200995355147253
-0.71404443589453467913386703615183078966434528189369821519767544776761602001934980	0.05567269034091629990739113978968148270696094807358006843429227657495118633527228
-0.65617321343201091073442593497625618488010761157697043054180554677722744834089570	0.06000873608859614957494177354881949973667822709184630434136608158175697275143680
-0.59415345495727798869289007461910606816559154467812653537082647115657417418750630	0.06396538813868238898670640441006364485577691688997987973016570051693605182211781
-0.52837726866043747389634363580822250534071765348542477598529062836050265172278200	0.06751763096623126536302132804644859377515270808347703580825568588593986582801651
-0.45926051230913604866324663310957236293874915369601723787608993884857901105463460	0.07064300597060876077011493152813113646742968415902816927059838771359352164478343
-0.38724016397156145585388196563696269601257617271682661588014750519569092977990890	0.07332175341426861738115393286504830644789342425097513077964204018007254398478899
-0.31277155924818592253599691178562873960190560997753935026481762464100209379197320	0.07553693732283605770478444699080939909418797859002184433882858884203957294010488
-0.23632551246183576733600632733265044806571922479405759593034932012974607663712290	0.07727455254468201672851163673311729912049525148879115093682908402332930685407244
-0.15838533999783779992270106136139938446682623686514314046635275971942827945980420	0.07852361328737117672506330098552347152258147640924886094658145130790722973896080
-0.07944380460875547758191708319264064688500316510674193325522939167469064058432033	0.07927622256836847101015577175450793052380414867826642470020418734083408805242091
0.00000000000000000000000000000000000000000000000000000000000000000000000000000000	0.07952762213944285241741819660585099384560677476586481430988476983521028910638052
0.07944380460875547758191708319264064688500316510674193325522939167469064058432033	0.07927622256836847101015577175450793052380414867826642470020418734083408805242091
0.15838533999783779992270106136139938446682623686514314046635275971942827945980420	0.07852361328737117672506330098552347152258147640924886094658145130790722973896080
0.23632551246183576733600632733265044806571922479405759593034932012974607663712290	0.07727455254468201672851163673311729912049525148879115093682908402332930685407244
0.31277155924818592253599691178562873960190560997753935026481762464100209379197320	0.07553693732283605770478444699080939909418797859002184433882858884203957294010488
0.38724016397156145585388196563696269601257617271682661588014750519569092977990890	0.07332175341426861738115393286504830644789342425097513077964204018007254398478899
0.45926051230913604866324663310957236293874915369601723787608993884857901105463460	0.07064300597060876077011493152813113646742968415902816927059838771359352164478343
0.52837726866043747389634363580822250534071765348542477598529062836050265172278200	0.06751763096623126536302132804644859377515270808347703580825568588593986582801651
0.59415345495727798869289007461910606816559154467812653537082647115657417418750630	0.06396538813868238898670640441006364485577691688997987973016570051693605182211781
0.65617321343201091073442593497625618488010761157697043054180554677722744834089570	0.06000873608859614957494177354881949973667822709184630434136608158175697275143680
0.71404443589453467913386703615183078966434528189369821519767544776761602001934980	0.05567269034091629990739113978968148270696094807358006843429227657495118633527228
0.76740124293106349983227240422834294547283411345901066174765116605532532252229740	0.05098466529212940521402103367658133501761308388128490529512758169200995355147253
0.81590629743014310435323267840962982772781406052092385735904434373004359246179600	0.04597430110891663188417663939923278059886169303399946391659734220538604266087827
0.85925293799990615391379743912604237053508444531982206052615424053113580290448490	0.04067327684793384393905655608226140368757243599606290477644928249830310558015088
0.89716711929299288784829109086081365106569207797562300249825142878351892117803790	0.03511511149813133076106518529723281636666148761972668562635370812961967631314296
0.92940914848673822969781696435773456184410280950770352688827288274141616182166970	0.02933495598390337859215598635625142561141146710160456530919271000521666052002074
0.95577521232465227711089189719108220300177179063887613583055850459824684176615120	0.02336938483217816459471234444292469889119755546375666589435319100349092177664187
0.97609870933347105384485031988951849429074741268010170277760373863111164989589000	0.01725622909372491904080547118335504721371590189046231536119328911844039877239372
0.99025153685468598363977511724707820470969382104019179625882941958347223762468770	0.01103478893916459424267680545217728945350713937311815593936799764960656111108778
0.99814738306643290600547230285182044183200974004966421176121791796500921215733220	0.00475294469163510137077621315490694198569508454183706143965902881296119520907714

