41
-0.99832158857477144151918850808837756793150435151367016643051899950824352924559990	0.00430614035816488768400447790465448618636220399530170482167092471388021336156280
-0.99116710969901630825015889457316965769275601357000304731392337587529846521229150	0.00999993877390594533849629662969883955022493577115020595166121219105502194466800
-0.97833867356108338446917070667396719837563678191865428239086385191199790090083050	0.01564493840781858853082684447953367744081788936964635635197204297247322428613370
-0.95990689173034622609944169606868658206695109082946635065727417463081849984374160	0.02120106336877955307569703349337662657171705432735830818583652084483504955515798
-0.93597698749785382568231827528476626627123711808734477455719430008316238271806480	0.02663589920711044546754857525871327704469049200524813802906015007591532262179034
-0.90668594475810117295834041323072297335430718532228485441741783380695945215442070	0.03191821173169928178706694685714554370118775329751101256557527610068153687225140
-0.87220151169244140883367057423432946028204265553953300184752167181835430648545120	0.03701771670350798843526125158016066860627154632186754277922743555190648185843916
-0.83272120040136133124427277904854379997697599297858213330417557092070266054326450	0.04190519519590968942934027431104883793626637743202238325255031708089979054635442
-0.78847114504740937273622178146677028899471207909872721037768646205490122576254870	0.04655264836901434206075658686461142313099019858059018502054911073676185954842707
-0.73970480306992618106016874446855900039525443905256896547644635833029851763400700	0.05093345429461749478117035711568863142080344678687032877581547425250854909916466
-0.68670150203495128958460385652913481206643846014967312878694426923738307943507280	0.05502251924257874188014681017142226997377533660536959050205790787740027728446696
-0.62976483907219632048864909169510350107851478073947087387656754625553773968074990	0.05879642094987194499118585338073427400088123860272694086523171272306998337771915
-0.56922094161021586965474721528298025161045692397954524383551704532390614214884650	0.06223354258096631647157341708334648543015986994494342937317276510694374488052152
-0.50541659919940603270833607020269476495107554601518024566832409004937944787019570	0.06531419645352741043616371265379634041985923672106812634137161043887827067183260
-0.43871727705140708851711985672803924842178575875946864336157142760703433650899910	0.06802073676087676673553323972624892825669912013859416544939224714973294492809342
-0.36950502264048144142836691329993520562408697133187607875120488833778700099925670	0.07033766062081749748165898996988145600123338016781027972433402304191554214624115
-0.29817627734182486592298288047892430413995586844614852607454574122271291891665740	0.07225169686102307339634639834878735488529477052487254889842838027176476243981685
-0.22513960563342277560578625665547233029991242064424322235018785452701157721125540	0.07375188202722346993928081832484867947791628042833964273801417984402688001476186
-0.15081335486399216357437796788458237577563094532949783096516944199044665805492000	0.07482962317622155189130507263350532294568306737803071757806924416758782382502901
-0.07562325898916299692376619365120026748105063560665694875010381709435916792223000	0.07547874709271582402724706267461674907360636090306277622973473798794223811707300
0.00000000000000000000000000000000000000000000000000000000000000000000000000000000	0.07569553564729837231877996107636025589111888139523123313254945373964096524105240
0.07562325898916299692376619365120026748105063560665694875010381709435916792223000	0.07547874709271582402724706267461674907360636090306277622973473798794223811707300
0.15081335486399216357437796788458237577563094532949783096516944199044665805492000	0.07482962317622155189130507263350532294568306737803071757806924416758782382502901
0.22513960563342277560578625665547233029991242064424322235018785452701157721125540	0.07375188202722346993928081832484867947791628042833964273801417984402688001476186
0.29817627734182486592298288047892430413995586844614852607454574122271291891665740	0.07225169686102307339634639834878735488529477052487254889842838027176476243981685
0.36950502264048144142836691329993520562408697133187607875120488833778700099925670	0.07033766062081749748165898996988145600123338016781027972433402304191554214624115
0.43871727705140708851711985672803924842178575875946864336157142760703433650899910	0.06802073676087676673553323972624892825669912013859416544939224714973294492809342
0.50541659919940603270833607020269476495107554601518024566832409004937944787019570	0.06531419645352741043616371265379634041985923672106812634137161043887827067183260
0.56922094161021586965474721528298025161045692397954524383551704532390614214884650	0.06223354258096631647157341708334648543015986994494342937317276510694374488052152
0.62976483907219632048864909169510350107851478073947087387656754625553773968074990	0.05879642094987194499118585338073427400088123860272694086523171272306998337771915
0.68670150203495128958460385652913481206643846014967312878694426923738307943507280	0.05502251924257874188014681017142226997377533660536959050205790787740027728446696
0.73970480306992618106016874446855900039525443905256896547644635833029851763400700	0.05093345429461749478117035711568863142080344678687032877581547425250854909916466
0.78847114504740937273622178146677028899471207909872721037768646205490122576254870	0.04655264836901434206075658686461142313099019858059018502054911073676185954842707
0.83272120040136133124427277904854379997697599297858213330417557092070266054326450	0.04190519519590968942934027431104883793626637743202238325255031708089979054635442
0.87220151169244140883367057423432946028204265553953300184752167181835430648545120	0.03701771670350798843526125158016066860627154632186754277922743555190648185843916
0.90668594475810117295834041323072297335430718532228485441741783380695945215442070	0.03191821173169928178706694685714554370118775329751101256557527610068153687225140
0.93597698749785382568231827528476626627123711808734477455719430008316238271806480	0.02663589920711044546754857525871327704469049200524813802906015007591532262179034
0.95990689173034622609944169606868658206695109082946635065727417463081849984374160	0.02120106336877955307569703349337662657171705432735830818583652084483504955515798
0.97833867356108338446917070667396719837563678191865428239086385191199790090083050	0.01564493840781858853082684447953367744081788936964635635197204297247322428613370
0.99116710969901630825015889457316965769275601357000304731392337587529846521229150	0.00999993877390594533849629662969883955022493577115020595166121219105502194466800
0.99832158857477144151918850808837756793150435151367016643051899950824352924559990	0.00430614035816488768400447790465448618636220399530170482167092471388021336156280

