9
-0.96816023950762608983557620290367287004940480049192532955002331184908037439660250	0.08127438836157441197189215811052365067566172078241075071110767688068668630845606
-0.83603110732663579429942978806973487654410671812467599610437197963945500688159220	0.18064816069485740405847203124291280951433782173204048449833590647135729054494310
-0.61337143270059039730870203934147418478572060494056469287281294228126734649099990	0.26061069640293546231874286941863284977184020443729995193999700211961081566889410
-0.32425342340380892903853801464333660857195626073697308882704747684218657953512370	0.31234707704000284006863040658444366559875486126190464555401116559914389732403060
0.00000000000000000000000000000000000000000000000000000000000000000000000000000000	0.33023935500125976316452506928697404887881078357268833459309649785840262030739150
0.32425342340380892903853801464333660857195626073697308882704747684218657953512370	0.31234707704000284006863040658444366559875486126190464555401116559914389732403060
0.61337143270059039730870203934147418478572060494056469287281294228126734649099990	0.26061069640293546231874286941863284977184020443729995193999700211961081566889410
0.83603110732663579429942978806973487654410671812467599610437197963945500688159220	0.18064816069485740405847203124291280951433782173204048449833590647135729054494310
0.96816023950762608983557620290367287004940480049192532955002331184908037439660250	0.08127438836157441197189215811052365067566172078241075071110767688068668630845606

