10
-3.43615911883773760332672549431912138484067830939017729068717629440023611456495112	0.00000764043285523262062915936785959522210828911473583236319528855512809116334800
-2.53273167423278979640896079775479348030784650815672494593328741349308593804738653	0.00134364574678123269220156558584591386986927327862577036461624980207624838184132
-1.75668364929988177345140122010615676329547449373884710008728495609617057960981908	0.03387439445548106313616473127758597369816194248186701673971515769977138127781357
-1.03661082978951365417749191675920901629825611065721572443723268740364041872438790	0.24013861108231468641652329500586139537004249390192739899066056147994315237169314
-0.34290132722370460878916502555725803120830265867773062820577103907292018192312102	0.61086263373532579878356499043341971323859272928403754564871663738953676910082006
0.34290132722370460878916502555725803120830265867773062820577103907292018192312102	0.61086263373532579878356499043341971323859272928403754564871663738953676910082006
1.03661082978951365417749191675920901629825611065721572443723268740364041872438790	0.24013861108231468641652329500586139537004249390192739899066056147994315237169314
1.75668364929988177345140122010615676329547449373884710008728495609617057960981908	0.03387439445548106313616473127758597369816194248186701673971515769977138127781357
2.53273167423278979640896079775479348030784650815672494593328741349308593804738653	0.00134364574678123269220156558584591386986927327862577036461624980207624838184132
3.43615911883773760332672549431912138484067830939017729068717629440023611456495112	0.00000764043285523262062915936785959522210828911473583236319528855512809116334800

