11
-3.66847084655958251845837146485131514928872892851495137772478967544677530959026918	0.00000143956039371425822033088366031942699228060850886384249162509500027637335395
-2.78329009978165177083671870151637362267080653689823096590731494493196959764972397	0.00034681946632334551064341377294017552254424815581596267562938081858255394281482
-2.02594801582575533516591283121289926850707696125224628421094264955149600383224391	0.01191139544491153245038742029158900494487345143354610264190999672094065074966919
-1.32655708449493285594973473558268894846942303987548762577140599667849251934523668	0.11722787516770850338178864930843158197128858366904225604510825317019426302624212
-0.65680956688209976502461157538301306414835854582433350927600654616778574638423466	0.42935975235612502844607359860057981631794437431886111135289393623404288459932040
0.00000000000000000000000000000000000000000000000000000000000000000000000000000000	0.65475928691459177920394065762674338643026357975083853509774140577539002720823122
0.65680956688209976502461157538301306414835854582433350927600654616778574638423466	0.42935975235612502844607359860057981631794437431886111135289393623404288459932040
1.32655708449493285594973473558268894846942303987548762577140599667849251934523668	0.11722787516770850338178864930843158197128858366904225604510825317019426302624212
2.02594801582575533516591283121289926850707696125224628421094264955149600383224391	0.01191139544491153245038742029158900494487345143354610264190999672094065074966919
2.78329009978165177083671870151637362267080653689823096590731494493196959764972397	0.00034681946632334551064341377294017552254424815581596267562938081858255394281482
3.66847084655958251845837146485131514928872892851495137772478967544677530959026918	0.00000143956039371425822033088366031942699228060850886384249162509500027637335395

