12
-3.88972489786978191927164274724419176014818101416648191046026895707563463143107698	0.00000026585516843563016060231140087686794429026298219656545784992763062395894625
-3.02063702512088977171067937517676364600380659831033530704709585977248540540834979	0.00008573687043587858654569063231532409401897054469197432370024358283767882536618
-2.27950708050105990018772856942434113503915659321403329660321254537510585364238792	0.00390539058462906185999438432619531097415000471408575791527783717380424855354680
-1.59768263515260479670966277090457670824028698876871715266888869242536695129623350	0.05160798561588392999187344236061309448155103495095191966476447809515001470959463
-0.94778839124016374370457813106013651367915379591454491030390722607820209811532788	0.26049231026416112923339613976524753324486296335792662061966399833380695514499772
-0.31424037625435911127661163409533712897211083832271370903124448019211119940831979	0.57013523626247957834711348227480045173624746423055509501803948781322612110306451
0.31424037625435911127661163409533712897211083832271370903124448019211119940831979	0.57013523626247957834711348227480045173624746423055509501803948781322612110306451
0.94778839124016374370457813106013651367915379591454491030390722607820209811532788	0.26049231026416112923339613976524753324486296335792662061966399833380695514499772
1.59768263515260479670966277090457670824028698876871715266888869242536695129623350	0.05160798561588392999187344236061309448155103495095191966476447809515001470959463
2.27950708050105990018772856942434113503915659321403329660321254537510585364238792	0.00390539058462906185999438432619531097415000471408575791527783717380424855354680
3.02063702512088977171067937517676364600380659831033530704709585977248540540834979	0.00008573687043587858654569063231532409401897054469197432370024358283767882536618
3.88972489786978191927164274724419176014818101416648191046026895707563463143107698	0.00000026585516843563016060231140087686794429026298219656545784992763062395894625

