13
-4.10133759617863964117891508007196522241415245261653626431887276836060544227389141	0.00000004825731850073131088349973323422195511193364919368248305745734695223467960
-3.24660897837240998812205115236100827855295832914236575275162995300236436255988326	0.00002043036040270707312486694329367147864683120508067749978671287350479924498187
-2.51973568567823788343040913628272299856612112799600289144168088620188483323278988	0.00120745999271938594730924899223679679453884965824595391484036807876506886676317
-1.85310765160151214200350644316483256853622832906410552040697284355649881066951708	0.02086277529616993921660338050500886954469001385546258207293583308253984946728619
-1.22005503659074842622205526637374087730251458322722481485478486418938037475249086	0.14032332068702343776279226887306519919133131682076404398786359209091156528995719
-0.60576387917106011308053710860178672277030684069466631400085977896455634377094621	0.42161629689854322174689355856796864181518326008760409675003675944705354848035673
0.00000000000000000000000000000000000000000000000000000000000000000000000000000000	0.60439318792116164234209906857853235670485868900077403239791514379266771742298267
0.60576387917106011308053710860178672277030684069466631400085977896455634377094621	0.42161629689854322174689355856796864181518326008760409675003675944705354848035673
1.22005503659074842622205526637374087730251458322722481485478486418938037475249086	0.14032332068702343776279226887306519919133131682076404398786359209091156528995719
1.85310765160151214200350644316483256853622832906410552040697284355649881066951708	0.02086277529616993921660338050500886954469001385546258207293583308253984946728619
2.51973568567823788343040913628272299856612112799600289144168088620188483323278988	0.00120745999271938594730924899223679679453884965824595391484036807876506886676317
3.24660897837240998812205115236100827855295832914236575275162995300236436255988326	0.00002043036040270707312486694329367147864683120508067749978671287350479924498187
4.10133759617863964117891508007196522241415245261653626431887276836060544227389141	0.00000004825731850073131088349973323422195511193364919368248305745734695223467960

