14
-4.30444857047363181262129810036894272532181038794628367482189720867282311932967466	0.00000000862859116812515794532041783428967880909669708669149571930046201587160263
-3.46265693360227055020891736115043244213907653766146059197896738330586062825691568	0.00000471648435501891674887688950105237210220936167126909812865983554418248721608
-2.74847072498540256862499852414643092997379544993223044012582011837527320667369259	0.00035509261355192361048366107669065072978362478752846509054871851477381421211998
-2.09518325850771681573497272630323745547978335444825121029813411656279578120942955	0.00785005472645794431048644334607568555418926719477807150428945698667688726009594
-1.47668273114114087058350654420507858266593773463775577795220408721790434895224437	0.06850553422346520553871633123670962480736293620750519767459905962286928074262349
-0.87871378732939941611467931186079607260338557501491426617108414474954706239658011	0.27310560906424660335256918702560546638498786752703437120823963149757274588840522
-0.29174551067256207844611307579938114089108844043220916734701624747750110832699606	0.53640590971209014979492129677557227726067001388597910283960264916855671583345276
0.29174551067256207844611307579938114089108844043220916734701624747750110832699606	0.53640590971209014979492129677557227726067001388597910283960264916855671583345276
0.87871378732939941611467931186079607260338557501491426617108414474954706239658011	0.27310560906424660335256918702560546638498786752703437120823963149757274588840522
1.47668273114114087058350654420507858266593773463775577795220408721790434895224437	0.06850553422346520553871633123670962480736293620750519767459905962286928074262349
2.09518325850771681573497272630323745547978335444825121029813411656279578120942955	0.00785005472645794431048644334607568555418926719477807150428945698667688726009594
2.74847072498540256862499852414643092997379544993223044012582011837527320667369259	0.00035509261355192361048366107669065072978362478752846509054871851477381421211998
3.46265693360227055020891736115043244213907653766146059197896738330586062825691568	0.00000471648435501891674887688950105237210220936167126909812865983554418248721608
4.30444857047363181262129810036894272532181038794628367482189720867282311932967466	0.00000000862859116812515794532041783428967880909669708669149571930046201587160263

