15
-4.49999070730939155366438053053482421993198305349499059382717428460193662285256306	0.00000000152247580425351702016062666964826618279621603160145379300143495995354916
-3.66995037340445253472922383311568148469585562601082682008272501977129296123253415	0.00000105911554771106663577520791055016328729635240183154991587617284550913032655
-2.96716692790560324848896036354980631557051640763813815072127275221189569160462940	0.00010000444123249986812729673617697850851699387810876387789234107161752152460967
-2.32573248617385774545404479448534701230709500956348289577216259487402380485836087	0.00277806884291277589607887049229213490301242511348226666857170612100989795013722
-1.71999257518648893241583152515256151484291956306138884989382163000951324347618324	0.03078003387254608222868141587578014556964507809535783167012620432094342629690748
-1.13611558521092066631913490555610212528352929478466508506483925998007159671010044	0.15848891579593574688383938495999402721002703620834420484147417162556491543397074
-0.56506958325557574852602033719818886681552078800505788680930739682745058470915375	0.41202868749889862702589107956781031893375232741692141877844273550979447720862336
0.00000000000000000000000000000000000000000000000000000000000000000000000000000000	0.56410030872641753285262579733996353292453477640072243023805413420648986959478382
0.56506958325557574852602033719818886681552078800505788680930739682745058470915375	0.41202868749889862702589107956781031893375232741692141877844273550979447720862336
1.13611558521092066631913490555610212528352929478466508506483925998007159671010044	0.15848891579593574688383938495999402721002703620834420484147417162556491543397074
1.71999257518648893241583152515256151484291956306138884989382163000951324347618324	0.03078003387254608222868141587578014556964507809535783167012620432094342629690748
2.32573248617385774545404479448534701230709500956348289577216259487402380485836087	0.00277806884291277589607887049229213490301242511348226666857170612100989795013722
2.96716692790560324848896036354980631557051640763813815072127275221189569160462940	0.00010000444123249986812729673617697850851699387810876387789234107161752152460967
3.66995037340445253472922383311568148469585562601082682008272501977129296123253415	0.00000105911554771106663577520791055016328729635240183154991587617284550913032655
4.49999070730939155366438053053482421993198305349499059382717428460193662285256306	0.00000000152247580425351702016062666964826618279621603160145379300143495995354916

