16
-4.68873893930581836468849864874561089063239172754354181596018136267114776853292184	0.00000000026548074740111822447092636605020936656215436503077562911185281852665210
-3.86944790486012269871942409801481239700659947024969827324130996157348782298920738	0.00000023209808448652106533874942318486088777910186026202175746316361584385357344
-3.17699916197995602681399455926369647679166737274191123542806370477552140472018675	0.00002711860092537881512018914322435956989760120245689016073075639332698783197945
-2.54620215784748136215932870544589412451946519940584601989693198785090482946294384	0.00093228400862418052991427730553690152689678460502865481401046270828129530513035
-1.95178799091625397743465541495988749276832605865991593554126321330212541123222134	0.01288031153550997368346429993117211463462634628527580270233312531674174779477345
-1.38025853919888079637208966969458203844068176997004564185987591645372040197317003	0.08381004139898582941542073490011560472811833580650188882550072715807527531055148
-0.82295144914465589258245449673394264076350817254126706358070229477476220569166789	0.28064745852853367536946333537965262389467030871368653530733670268696403788257651
-0.27348104613815245215828040196501503392981788032790318851677586864489791217757979	0.50792947901661374191351734179052143613346820578422916524445902838759763579027932
0.27348104613815245215828040196501503392981788032790318851677586864489791217757979	0.50792947901661374191351734179052143613346820578422916524445902838759763579027932
0.82295144914465589258245449673394264076350817254126706358070229477476220569166789	0.28064745852853367536946333537965262389467030871368653530733670268696403788257651
1.38025853919888079637208966969458203844068176997004564185987591645372040197317003	0.08381004139898582941542073490011560472811833580650188882550072715807527531055148
1.95178799091625397743465541495988749276832605865991593554126321330212541123222134	0.01288031153550997368346429993117211463462634628527580270233312531674174779477345
2.54620215784748136215932870544589412451946519940584601989693198785090482946294384	0.00093228400862418052991427730553690152689678460502865481401046270828129530513035
3.17699916197995602681399455926369647679166737274191123542806370477552140472018675	0.00002711860092537881512018914322435956989760120245689016073075639332698783197945
3.86944790486012269871942409801481239700659947024969827324130996157348782298920738	0.00000023209808448652106533874942318486088777910186026202175746316361584385357344
4.68873893930581836468849864874561089063239172754354181596018136267114776853292184	0.00000000026548074740111822447092636605020936656215436503077562911185281852665210

