17
-4.87134519367440308834927655662011377086032124146077191515904385823225881856409927	0.00000000004580578930798633305808892812223474448410255483561813165675248451766694
-4.06194667587547430689245559698268155652005313933748365178362896581926389391826740	0.00000004977078981630794052278633537147003058712006013369023777892213640630941398
-3.37893209114149408338327069289041724326551029182161697328064117110358190057943617	0.00000711228914002130958353327376218408843233925094884502639715302230888670885855
-2.75776291570388873092640349573953282498093686204077261433911716974452260755105766	0.00029864328669775304115133664305948734260819608354608859444994403510803128917311
-2.17350282666662081927537907148794293619318410517365046883443448197668430344778281	0.00506734995762753791170069495878715307318712966431562801073913650046773798105975
-1.61292431422123133311288254453639435836317796397644475297467413049787946111755573	0.04092003414975627980949948778538838888682255007952784399557832926047784763431238
-1.06764872574345055363045773798917607460929675546010208580948519095406118120379700	0.17264829767009707921764519621875133935637879040381143263439278644315843944256134
-0.53163300134265473134908655371762809415048485742904956738018948652253865201456169	0.40182646947041195657763508525700513532988755502159989367805339545946234036786589
0.00000000000000000000000000000000000000000000000000000000000000000000000000000000	0.53091793762486356033188310337878920745838567190656228728287447925316693608920830
0.53163300134265473134908655371762809415048485742904956738018948652253865201456169	0.40182646947041195657763508525700513532988755502159989367805339545946234036786589
1.06764872574345055363045773798917607460929675546010208580948519095406118120379700	0.17264829767009707921764519621875133935637879040381143263439278644315843944256134
1.61292431422123133311288254453639435836317796397644475297467413049787946111755573	0.04092003414975627980949948778538838888682255007952784399557832926047784763431238
2.17350282666662081927537907148794293619318410517365046883443448197668430344778281	0.00506734995762753791170069495878715307318712966431562801073913650046773798105975
2.75776291570388873092640349573953282498093686204077261433911716974452260755105766	0.00029864328669775304115133664305948734260819608354608859444994403510803128917311
3.37893209114149408338327069289041724326551029182161697328064117110358190057943617	0.00000711228914002130958353327376218408843233925094884502639715302230888670885855
4.06194667587547430689245559698268155652005313933748365178362896581926389391826740	0.00000004977078981630794052278633537147003058712006013369023777892213640630941398
4.87134519367440308834927655662011377086032124146077191515904385823225881856409927	0.00000000004580578930798633305808892812223474448410255483561813165675248451766694

