18
-5.04836400887446676837203757885365212109645114783348363636820777166299124777768984	0.00000000000782819977211589102925147471011998404367257304709498233381468622350226
-4.24811787356812646302342016090208124546134812595710625569527451475600964965252795	0.00000001046720579579208244435596084350981982075576115628969893109044285549015429
-3.57376906848626607950067599377188945793931097668015507288636318911648620998883905	0.00000181065448109343040959702385910682858599536233968865736943099143485241698651
-2.96137750553160684477863254906183821466139884305308882461227362567763720653090528	0.00009181126867929403529146754073713004033606922667471140275107533618282143019840
-2.38629908916668600026459301423994513670703333284768133559638647232251641550798632	0.00188852263026841789438175325425655690755155174102317080442127150094178860868330
-1.83553160426162889225383944409060114926699363672573910432818313960853790643705166	0.01864004238754465192193152219729959008832431611497441055249686788372157847670391
-1.30092085838961736566626555439261058021813463966122652277230977588278263008414119	0.09730174764131542933085372341554007549247739677697774951826749430437693729326736
-0.77668291926741166131665946228385229472871321449050226206031011050222076498982325	0.28480728566997957859560682071267042880902268444711077510798248121134993438842729
-0.25826775051909675925811609871057963300171513532774343241308610431680571649799548	0.48349569472545555287641052214099738501253690959265932872682136027419018796759277
0.25826775051909675925811609871057963300171513532774343241308610431680571649799548	0.48349569472545555287641052214099738501253690959265932872682136027419018796759277
0.77668291926741166131665946228385229472871321449050226206031011050222076498982325	0.28480728566997957859560682071267042880902268444711077510798248121134993438842729
1.30092085838961736566626555439261058021813463966122652277230977588278263008414119	0.09730174764131542933085372341554007549247739677697774951826749430437693729326736
1.83553160426162889225383944409060114926699363672573910432818313960853790643705166	0.01864004238754465192193152219729959008832431611497441055249686788372157847670391
2.38629908916668600026459301423994513670703333284768133559638647232251641550798632	0.00188852263026841789438175325425655690755155174102317080442127150094178860868330
2.96137750553160684477863254906183821466139884305308882461227362567763720653090528	0.00009181126867929403529146754073713004033606922667471140275107533618282143019840
3.57376906848626607950067599377188945793931097668015507288636318911648620998883905	0.00000181065448109343040959702385910682858599536233968865736943099143485241698651
4.24811787356812646302342016090208124546134812595710625569527451475600964965252795	0.00000001046720579579208244435596084350981982075576115628969893109044285549015429
5.04836400887446676837203757885365212109645114783348363636820777166299124777768984	0.00000000000782819977211589102925147471011998404367257304709498233381468622350226

