19
-5.22027169053748216460967142500267573753388414211965048501015920113954298237619745	0.00000000000132629709449851575185289154384966834437430766440370702326179924068054
-4.42853280660377943723498532225893353943625822804196177116915006021592094420226757	0.00000000216305100986355475019693077221275987520309204549827742346747764600884002
-3.76218735196402009751489394103591795868581352833351354602978258443597994486550901	0.00000044882431472231229517944791559376974031192587659497076495545830482143243452
-3.15784881834760228184318034119909825822374246011536059070732258212812178827179774	0.00002720919776316162577119410252137364996233241621969425029795086551701374777697
-2.59113378979454256492128084111563407519260738388250861845942736034297518732420360	0.00067087752140718110619469628210007004910089446845112448921443672071631605853138
-2.04923170985061937575050838668675973456927626555362738965450180910504597758917792	0.00798886677772299020922211491861194165024696155611169526085737492991082023430232
-1.52417061939353303183354859366588529899538332947908622713101306545541370746614987	0.05081038690905206735699081103581655698267021408018685336788331816710643371758090
-1.01036838713431135136859873726149747851854874602280105934474872271084361458776473	0.18363270130699707415614848576575836338400872700039415329304120118556121514119490
-0.50352016342388820937381176504968840015781013586494398719134855780829904142554559	0.39160898861303024450404231362121750883404253005811548554659140535709944909297060
0.00000000000000000000000000000000000000000000000000000000000000000000000000000000	0.50297488827618653084073136109569503864478642601674321953114424350300025524240787
0.50352016342388820937381176504968840015781013586494398719134855780829904142554559	0.39160898861303024450404231362121750883404253005811548554659140535709944909297060
1.01036838713431135136859873726149747851854874602280105934474872271084361458776473	0.18363270130699707415614848576575836338400872700039415329304120118556121514119490
1.52417061939353303183354859366588529899538332947908622713101306545541370746614987	0.05081038690905206735699081103581655698267021408018685336788331816710643371758090
2.04923170985061937575050838668675973456927626555362738965450180910504597758917792	0.00798886677772299020922211491861194165024696155611169526085737492991082023430232
2.59113378979454256492128084111563407519260738388250861845942736034297518732420360	0.00067087752140718110619469628210007004910089446845112448921443672071631605853138
3.15784881834760228184318034119909825822374246011536059070732258212812178827179774	0.00002720919776316162577119410252137364996233241621969425029795086551701374777697
3.76218735196402009751489394103591795868581352833351354602978258443597994486550901	0.00000044882431472231229517944791559376974031192587659497076495545830482143243452
4.42853280660377943723498532225893353943625822804196177116915006021592094420226757	0.00000000216305100986355475019693077221275987520309204549827742346747764600884002
5.22027169053748216460967142500267573753388414211965048501015920113954298237619745	0.00000000000132629709449851575185289154384966834437430766440370702326179924068054

