20
-5.38748089001123286201690041068112075399628644906591488973576532980976514403912335	0.00000000000022293936455341512925225006160290957848624406978143974682080863249131
-4.60368244955074427307767524897834758511339848776192365356233094279772566321228759	0.00000000043993409922731805536288514554679282156149567485462943272052448693569490
-3.94476404011562521037562880052441180714976812788831302064766239011773308633432393	0.00000010860693707692816939995245634471634311849315856024622218330758066002932608
-3.34785456738321632691492452299646369851047859029367705653398997230937515676346666	0.00000780255647853206369414599199964756910111507462766338883000292171877511524063
-2.78880605842813048052503375640318541067069888790204397396471279916765523741937154	0.00022833863601635396725714591796349553922890557930546067898234130872146519320219
-2.25497400208927552308233334473456512808226531602639615131242219435162039235178351	0.00324377334223786183218324713235370544275646576393799998314570380137259289758763
-1.73853771211658620678086566213640644295140941960039989446481857238247982137973956	0.02481052088746361088216495255894039440066580288108799116611394493128600246865466
-1.23407621539532300788581834695941022958544593006936238712696542169037028231239122	0.10901720602002332001375503353542557708425879259281645416486004058078189354650518
-0.73747372854539435870560514425210422907721620397679418729684220999562576233713182	0.28667550536283412971965970622808791682376373796339074100507781726153899022892209
-0.24534070830090124990383653063361662396613385130348573487859240377534879470150368	0.46224366960061008965032863986120811421426105857288677454926098834610996724789140
0.24534070830090124990383653063361662396613385130348573487859240377534879470150368	0.46224366960061008965032863986120811421426105857288677454926098834610996724789140
0.73747372854539435870560514425210422907721620397679418729684220999562576233713182	0.28667550536283412971965970622808791682376373796339074100507781726153899022892209
1.23407621539532300788581834695941022958544593006936238712696542169037028231239122	0.10901720602002332001375503353542557708425879259281645416486004058078189354650518
1.73853771211658620678086566213640644295140941960039989446481857238247982137973956	0.02481052088746361088216495255894039440066580288108799116611394493128600246865466
2.25497400208927552308233334473456512808226531602639615131242219435162039235178351	0.00324377334223786183218324713235370544275646576393799998314570380137259289758763
2.78880605842813048052503375640318541067069888790204397396471279916765523741937154	0.00022833863601635396725714591796349553922890557930546067898234130872146519320219
3.34785456738321632691492452299646369851047859029367705653398997230937515676346666	0.00000780255647853206369414599199964756910111507462766338883000292171877511524063
3.94476404011562521037562880052441180714976812788831302064766239011773308633432393	0.00000010860693707692816939995245634471634311849315856024622218330758066002932608
4.60368244955074427307767524897834758511339848776192365356233094279772566321228759	0.00000000043993409922731805536288514554679282156149567485462943272052448693569490
5.38748089001123286201690041068112075399628644906591488973576532980976514403912335	0.00000000000022293936455341512925225006160290957848624406978143974682080863249131

