21
-5.55035187326467824522968687710138301332795106730006909791800558839364955696024705	0.00000000000003720365070136049262158575012570201035460298400582835548467526944205
-4.77399234341121942970150957711534156012060290639679633893898542896915390704222522	0.00000000008818611242049951594159495320098400829076384529934793384366952258967763
-4.12199554749184002081690067727660232310788163425743862558915342502948901363145419	0.00000002571230180059313704775587623445262143978748229996475858247920078396422083
-3.53197287713767773917138328262267774069243287833794790029231618785892798008090316	0.00000217188489805666958287349836869274469505081477544433140696757539826702546133
-2.97999120770459800253772781752769516085149222005618043979324074717581141119364512	0.00007478398867310061169097859951377277019473114077962401155510816835147573743608
-2.45355212451283800200073540615745172633701864394025279359698588773282544577610965	0.00125498204172641054585210235725787698088215278177083461729512335155497704614882
-1.94496294918625384190191671547399417583257136328933427034569277603590740063270616	0.01141406583743438337658450472868748996844156589792369105640983007702474903457351
-1.44893425065073196265729314867681650265155942917705074438099787891227864416332329	0.06017964665891226717166417928118484245383506842925057204576183290017164040593135
-0.96149963441836906427942227135249608415911285366150605086211220567263439937856266	0.19212032406699775612908246073929395196160493148987445489779687669494956978184413
-0.47945070707910757629459810351342115862681340860664724055474137118288806208596138	0.38166907361350209827041664156393745842739654121976904274087807647922128846820518
0.00000000000000000000000000000000000000000000000000000000000000000000000000000000	0.47902370312017764841974415342447146537598707239689830431537547000285738594515035
0.47945070707910757629459810351342115862681340860664724055474137118288806208596138	0.38166907361350209827041664156393745842739654121976904274087807647922128846820518
0.96149963441836906427942227135249608415911285366150605086211220567263439937856266	0.19212032406699775612908246073929395196160493148987445489779687669494956978184413
1.44893425065073196265729314867681650265155942917705074438099787891227864416332329	0.06017964665891226717166417928118484245383506842925057204576183290017164040593135
1.94496294918625384190191671547399417583257136328933427034569277603590740063270616	0.01141406583743438337658450472868748996844156589792369105640983007702474903457351
2.45355212451283800200073540615745172633701864394025279359698588773282544577610965	0.00125498204172641054585210235725787698088215278177083461729512335155497704614882
2.97999120770459800253772781752769516085149222005618043979324074717581141119364512	0.00007478398867310061169097859951377277019473114077962401155510816835147573743608
3.53197287713767773917138328262267774069243287833794790029231618785892798008090316	0.00000217188489805666958287349836869274469505081477544433140696757539826702546133
4.12199554749184002081690067727660232310788163425743862558915342502948901363145419	0.00000002571230180059313704775587623445262143978748229996475858247920078396422083
4.77399234341121942970150957711534156012060290639679633893898542896915390704222522	0.00000000008818611242049951594159495320098400829076384529934793384366952258967763
5.55035187326467824522968687710138301332795106730006909791800558839364955696024705	0.00000000000003720365070136049262158575012570201035460298400582835548467526944205

