22
-5.70920135320526377735934307811675416322169622711970502138776662555090587186141887	0.00000000000000616718342440404883527703033720596393044222505502265197123777210358
-4.93983413106017588787021325142045411637745448266866288129962143577341500005425465	0.00000000001744339007547992844283184605288232059823383933966054043323721785642493
-4.29431248059316151575030794059890351706537501239486218427450050779131540684523174	0.00000000596699098605965271728137041532694545392445667872612733109193150041392148
-3.71070153287780491480917757290985237566843200316933186508062372396289408089084654	0.00000058842875633010057804158511037311811565405209765387070941158607425567641536
-3.16526590920213744698718649205851287035569471161283676162041443470904937297089066	0.00002365512855251045804735374404097224229622940465205482416308631687100848099190
-2.64563744105817270079842723900833493669057510838217746642346850130162924420873914	0.00046488505088425224418202549318284120078506012766199145925236819465814782383042
-2.14423359279853446361964260654228701305726931146067803926453726297283563746491766	0.00497839933505164740474138877377005125669795240512990515726496366883601404964268
-1.65587437328642249543771010971087785978744469177388995907158305324400540012183977	0.03114037088442384830069932154877271569762054582223095921762380394149254434950711
-1.17671395848124444742282526666944015703720559982547772226033740988040406453840571	0.11910236095878246597425244334523906103360388861378269842710189424995524390846605
-0.70368609717000693216644843204601964807932136733780483441844376431806087930987246	0.28697143324690711440102147922149573641854027931866777101171725114086725839861849
-0.23417913993099063509831078268364160583055661222311841236178640026853177028729778	0.44354522643495930144700463818592330202095013783034956984822822165056121356559409
0.23417913993099063509831078268364160583055661222311841236178640026853177028729778	0.44354522643495930144700463818592330202095013783034956984822822165056121356559409
0.70368609717000693216644843204601964807932136733780483441844376431806087930987246	0.28697143324690711440102147922149573641854027931866777101171725114086725839861849
1.17671395848124444742282526666944015703720559982547772226033740988040406453840571	0.11910236095878246597425244334523906103360388861378269842710189424995524390846605
1.65587437328642249543771010971087785978744469177388995907158305324400540012183977	0.03114037088442384830069932154877271569762054582223095921762380394149254434950711
2.14423359279853446361964260654228701305726931146067803926453726297283563746491766	0.00497839933505164740474138877377005125669795240512990515726496366883601404964268
2.64563744105817270079842723900833493669057510838217746642346850130162924420873914	0.00046488505088425224418202549318284120078506012766199145925236819465814782383042
3.16526590920213744698718649205851287035569471161283676162041443470904937297089066	0.00002365512855251045804735374404097224229622940465205482416308631687100848099190
3.71070153287780491480917757290985237566843200316933186508062372396289408089084654	0.00000058842875633010057804158511037311811565405209765387070941158607425567641536
4.29431248059316151575030794059890351706537501239486218427450050779131540684523174	0.00000000596699098605965271728137041532694545392445667872612733109193150041392148
4.93983413106017588787021325142045411637745448266866288129962143577341500005425465	0.00000000001744339007547992844283184605288232059823383933966054043323721785642493
5.70920135320526377735934307811675416322169622711970502138776662555090587186141887	0.00000000000000616718342440404883527703033720596393044222505502265197123777210358

