23
-5.86430949898457256538748413474347807527525539259842429396704351058487462051927256	0.00000000000000101603846206367230456117290055167407483257702573970369938996584189
-5.10153461047667712968749766165383757089177203300785478887199306709795863301240173	0.00000000000340831409803053901667871112053177176605262972300854819882265300905764
-4.46209117374000667673186157071161667050718805110404970122659906249723560422485585	0.00000000135962965040288776708208419937657250589597274095368500280165411357781595
-3.88447270810610186607248760287623113184607109038222962782318078709255053855337521	0.00000015553393291457663220117799946228075279456753494073531760205645362891887427
-3.34512715994122457247439814585214763821450124448672926932110720492069127654307911	0.00000724929591800225703955916788309126924935793551335381293787531352057047943394
-2.83180378712615690144806140733946692773946959124637037500553630114376853605075438	0.00016556169914187439557457106221187558789199195035930206344925020923749637320195
-2.33701621147445578644623502173534630410909362075143996587376262993569142103239458	0.00206956787496063815807383666242353385900949496703779971375121048108921879953481
-1.85567703767137106251504753718086431036257536840890875606180416413245941533987691	0.01520708400448412962451276792623873362270314363132372467627051179696930565565877
-1.38403958568249523732634717118012971903906451022924743509607089793518225009440039	0.06889028942908731698824068316409549463890956561629693757195452333804372627703875
-0.91915146544256376543171923959271293208365114964179188491218405217750444084347264	0.19864489857802259579385448226571243218260152337412465500993472445005980412425075
-0.45853835006810479775788732928363848096340385223576253963909269562466036130204539	0.37214382487756485989763676231341066502087560075395128433612846440162611574973546
0.00000000000000000000000000000000000000000000000000000000000000000000000000000000	0.45819658559321340283627701631905966253355285185790272586688088435055923873014381
0.45853835006810479775788732928363848096340385223576253963909269562466036130204539	0.37214382487756485989763676231341066502087560075395128433612846440162611574973546
0.91915146544256376543171923959271293208365114964179188491218405217750444084347264	0.19864489857802259579385448226571243218260152337412465500993472445005980412425075
1.38403958568249523732634717118012971903906451022924743509607089793518225009440039	0.06889028942908731698824068316409549463890956561629693757195452333804372627703875
1.85567703767137106251504753718086431036257536840890875606180416413245941533987691	0.01520708400448412962451276792623873362270314363132372467627051179696930565565877
2.33701621147445578644623502173534630410909362075143996587376262993569142103239458	0.00206956787496063815807383666242353385900949496703779971375121048108921879953481
2.83180378712615690144806140733946692773946959124637037500553630114376853605075438	0.00016556169914187439557457106221187558789199195035930206344925020923749637320195
3.34512715994122457247439814585214763821450124448672926932110720492069127654307911	0.00000724929591800225703955916788309126924935793551335381293787531352057047943394
3.88447270810610186607248760287623113184607109038222962782318078709255053855337521	0.00000015553393291457663220117799946228075279456753494073531760205645362891887427
4.46209117374000667673186157071161667050718805110404970122659906249723560422485585	0.00000000135962965040288776708208419937657250589597274095368500280165411357781595
5.10153461047667712968749766165383757089177203300785478887199306709795863301240173	0.00000000000340831409803053901667871112053177176605262972300854819882265300905764
5.86430949898457256538748413474347807527525539259842429396704351058487462051927256	0.00000000000000101603846206367230456117290055167407483257702573970369938996584189

