24
-6.01592556142573971734857350898838786510413361547745749263996363517931459444373399	0.00000000000000016643684964891088737726253446085176848898964754689201723314774877
-5.25938292766804436743072304398395641415008383400843907416453866144221845835806855	0.00000000000065846202430781700645620590868181973385232903031102835919891976835754
-4.62566275642378726504864923776259989969333758550215782545308678124223185812361716	0.00000000030462542699875639038859159728702259433435163076303596802419943656765332
-4.05366440244814950394766297923282967005141548384817076183553044566293321701687389	0.00000004018971174941429684540212806977075774639196777143103783683310775403509887
-3.52000681303452471128987227608599847076357815500475405864019934016682502155677497	0.00000215824570490233363223864009703897886816340060406399581638201349438191834508
-3.01254613756556482565453858420511664330492750645281830364096062959236653013490815	0.00005688691636404379769041846360589869542853819488804586999249267724179923730669
-2.52388101701142697419907602332542633970932723894446922756883415213063737635649927	0.00082369248268841745791832422030784753852059360478981072141971317504063348825875
-2.04900357366169891178708399532429253986984912452836880771907036023889691081877650	0.00704835581007267097000375597579885604285526425568813395067929774204445440660110
-1.58425001096169414850563336201726547998373522870368360119999033806912078048588167	0.03744547050323074601333012963655052102254271156629548162646905472894714834937559
-1.12676081761124507213306126773014644638602393434591659408478460940271717176287008	0.12773962178455916064725502624334830590826464894127723358394461817139735935769032
-0.67417110703721223600024592373000524752728398803675501859960876367610755730861146	0.28617953534644301790189523874717713704713008496242019190904606466828606640857744
-0.22441454747251558515113671552650912099431961307414953545069071402429761802994158	0.42693116386869924965314790803562373593616810182329038223550389164148045561050263
0.22441454747251558515113671552650912099431961307414953545069071402429761802994158	0.42693116386869924965314790803562373593616810182329038223550389164148045561050263
0.67417110703721223600024592373000524752728398803675501859960876367610755730861146	0.28617953534644301790189523874717713704713008496242019190904606466828606640857744
1.12676081761124507213306126773014644638602393434591659408478460940271717176287008	0.12773962178455916064725502624334830590826464894127723358394461817139735935769032
1.58425001096169414850563336201726547998373522870368360119999033806912078048588167	0.03744547050323074601333012963655052102254271156629548162646905472894714834937559
2.04900357366169891178708399532429253986984912452836880771907036023889691081877650	0.00704835581007267097000375597579885604285526425568813395067929774204445440660110
2.52388101701142697419907602332542633970932723894446922756883415213063737635649927	0.00082369248268841745791832422030784753852059360478981072141971317504063348825875
3.01254613756556482565453858420511664330492750645281830364096062959236653013490815	0.00005688691636404379769041846360589869542853819488804586999249267724179923730669
3.52000681303452471128987227608599847076357815500475405864019934016682502155677497	0.00000215824570490233363223864009703897886816340060406399581638201349438191834508
4.05366440244814950394766297923282967005141548384817076183553044566293321701687389	0.00000004018971174941429684540212806977075774639196777143103783683310775403509887
4.62566275642378726504864923776259989969333758550215782545308678124223185812361716	0.00000000030462542699875639038859159728702259433435163076303596802419943656765332
5.25938292766804436743072304398395641415008383400843907416453866144221845835806855	0.00000000000065846202430781700645620590868181973385232903031102835919891976835754
6.01592556142573971734857350898838786510413361547745749263996363517931459444373399	0.00000000000000016643684964891088737726253446085176848898964754689201723314774877

