25
-6.16427243405245177093248084340463640562644537758467010410697342094143838829067177	0.00000000000000002711923514038411885272141780282895043639796690294998499623209415
-5.41363635528003380966686804995605051758203094775580727086148866235510804657432756	0.00000000000012588149877465461191866934497058026507403998552598525944250637013825
-4.78532036735222405725714566859812111930308842825780803119871737652765628664444598	0.00000000006719638417706208255859183808133762086663379877375453835769498150017842
-4.21860944438656138143902391584237566864267253511419425248702687337593408770871621	0.00000001017038250301846044019599940034423491801473950998456713811261898603570606
-3.69028287699835590162708154282283215707438914773165644311249613147541496969019082	0.00000062570324996911116204798450872812274754512118048503968923016712046616253277
-3.18829492442510471215954500977033107689993796083135797134077300983168219850554973	0.00001891597295734051231572574215261311791540546039853893027016934911302169847128
-2.70532023717302599325155716412216855338320525431517196964282606820959359610944900	0.00031508363874548411480033866324462594952469702004452585595814118894903613144075
-2.23642013026728087020310575698066087499502483856577492251613272292355624764653989	0.00311570872012563346197153331328422890488001943627808404631661295813454742727413
-1.77800112433714745819630866992180354410578479390526171996393532036724696279087862	0.01924309896540889549702233483619141920146715146134724116236396314525448778890727
-1.32728070207308395178748851841076725129569196801109448581454471859043609136767350	0.07688899517580878575354762017263019145826886939232249352025257468343791075904611
-0.88198275621382135637160922465593049200096812946026775444872584226557886033739731	0.20362113667812405056552045583830419178678625647252385072421321482247045592004461
-0.44014729864530830457861239150680331775139675597837344818835830615310995594856415	0.36308898927589062545779839953647919434911849282990725126992259944396581167921327
0.00000000000000000000000000000000000000000000000000000000000000000000000000000000	0.43986872216948486672282593566629727603221073778358661683220564897653686918093806
0.44014729864530830457861239150680331775139675597837344818835830615310995594856415	0.36308898927589062545779839953647919434911849282990725126992259944396581167921327
0.88198275621382135637160922465593049200096812946026775444872584226557886033739731	0.20362113667812405056552045583830419178678625647252385072421321482247045592004461
1.32728070207308395178748851841076725129569196801109448581454471859043609136767350	0.07688899517580878575354762017263019145826886939232249352025257468343791075904611
1.77800112433714745819630866992180354410578479390526171996393532036724696279087862	0.01924309896540889549702233483619141920146715146134724116236396314525448778890727
2.23642013026728087020310575698066087499502483856577492251613272292355624764653989	0.00311570872012563346197153331328422890488001943627808404631661295813454742727413
2.70532023717302599325155716412216855338320525431517196964282606820959359610944900	0.00031508363874548411480033866324462594952469702004452585595814118894903613144075
3.18829492442510471215954500977033107689993796083135797134077300983168219850554973	0.00001891597295734051231572574215261311791540546039853893027016934911302169847128
3.69028287699835590162708154282283215707438914773165644311249613147541496969019082	0.00000062570324996911116204798450872812274754512118048503968923016712046616253277
4.21860944438656138143902391584237566864267253511419425248702687337593408770871621	0.00000001017038250301846044019599940034423491801473950998456713811261898603570606
4.78532036735222405725714566859812111930308842825780803119871737652765628664444598	0.00000000006719638417706208255859183808133762086663379877375453835769498150017842
5.41363635528003380966686804995605051758203094775580727086148866235510804657432756	0.00000000000012588149877465461191866934497058026507403998552598525944250637013825
6.16427243405245177093248084340463640562644537758467010410697342094143838829067177	0.00000000000000002711923514038411885272141780282895043639796690294998499623209415

