26
-6.30955038562569350090454665698334058476660079572529979528406669092461082835561939	0.00000000000000000439691609475390186456821706362776131990551426824576530918492227
-5.56452498195010309716306448237853594161514908174811820411294614862890590923234338	0.00000000000002383148659372160648946267218611284245698599016286779271153795050379
-4.94132495724137907379144594481810147002345507611648235359847639139513840422285611	0.00000000001460999933981612369422693926806920339077808228657174780423914522514882
-4.37960266298330497191254292369954867577331551746823263589414880081007276896936433	0.00000000252449403449053368707578147671625550228645847023102609926569689479461133
-3.85628841990914902180732666673663580453232835590692461020625622562325632773714185	0.00000017701063373973563526857234378691947029074000380894681758306464645582176175
-3.35942718235083013664567127533955571013912024783265788191101409140532142687147561	0.00000610329171739601304028384344938087645677899250609081668204448945978144742238
-2.88176221954308721748349331196936573603366323830733518449222206367866008251856776	0.00011622970160310963002657457850686950238253091724628525348771020458957954510222
-2.41841576477377914779901668851013421985882294381373167898579407741219521115112404	0.00131906472232385735184832991957934501219123378206283856731300709965126638175255
-1.96585478564113657522875081465693580090567553827782058526208719005619346663388195	0.00939790129115957958815947207617269618053243161898567454755786128000485958318037
-1.52136151665192136674142396255916251372280848222712758730366970845353874390168246	0.04359822721725079772942178129440263461354845873055902848445103777808654656828364
-1.08273301107788335623255405111473418621472128674572646171520246758473095837130067	0.13511332791178785175730426969145292579253540358713354941087218450985987862287245
-0.64809521399344830968252143828699833458840446838492760982467036508334813160444342	0.28463224117678451716088618865902690596275520329007824887264021575833880253078117
-0.21577785624346343464515801219538137292624931031997371784840043085264570876941488	0.41204365059036929496890194590523830331417451425516318079380726763340558463917336
0.21577785624346343464515801219538137292624931031997371784840043085264570876941488	0.41204365059036929496890194590523830331417451425516318079380726763340558463917336
0.64809521399344830968252143828699833458840446838492760982467036508334813160444342	0.28463224117678451716088618865902690596275520329007824887264021575833880253078117
1.08273301107788335623255405111473418621472128674572646171520246758473095837130067	0.13511332791178785175730426969145292579253540358713354941087218450985987862287245
1.52136151665192136674142396255916251372280848222712758730366970845353874390168246	0.04359822721725079772942178129440263461354845873055902848445103777808654656828364
1.96585478564113657522875081465693580090567553827782058526208719005619346663388195	0.00939790129115957958815947207617269618053243161898567454755786128000485958318037
2.41841576477377914779901668851013421985882294381373167898579407741219521115112404	0.00131906472232385735184832991957934501219123378206283856731300709965126638175255
2.88176221954308721748349331196936573603366323830733518449222206367866008251856776	0.00011622970160310963002657457850686950238253091724628525348771020458957954510222
3.35942718235083013664567127533955571013912024783265788191101409140532142687147561	0.00000610329171739601304028384344938087645677899250609081668204448945978144742238
3.85628841990914902180732666673663580453232835590692461020625622562325632773714185	0.00000017701063373973563526857234378691947029074000380894681758306464645582176175
4.37960266298330497191254292369954867577331551746823263589414880081007276896936433	0.00000000252449403449053368707578147671625550228645847023102609926569689479461133
4.94132495724137907379144594481810147002345507611648235359847639139513840422285611	0.00000000001460999933981612369422693926806920339077808228657174780423914522514882
5.56452498195010309716306448237853594161514908174811820411294614862890590923234338	0.00000000000002383148659372160648946267218611284245698599016286779271153795050379
6.30955038562569350090454665698334058476660079572529979528406669092461082835561939	0.00000000000000000439691609475390186456821706362776131990551426824576530918492227

