27
-6.45194014075347196859817722957038004128275539429309760336598525365802594958565118	0.00000000000000000070957792970513468120287897093260806470971881818511620786142063
-5.71225555281653665442803895727743230928772083304637773037208800450357850976509477	0.00000000000000447077245739312462857090880506460227428953985704067244527345062771
-5.09391000311318389214573028211336755049388439172590487473794728369881537564408507	0.00000000000313411761362303775323901404581234956395464832141925456003608564038658
-4.53690666337244175124183237792322341415903673886105107053957480646828109572127810	0.00000000061550315782317906584456485345865013911398055113941560660258232095783089
-4.01831867040873891853259217652532708129878588668848322242874793440704023782857993	0.00000004895400409699549319972390886295668297264689063777897248828071851623551537
-3.52627534013435317836734692720060460402922575603737508520070645200594002667621407	0.00000191528090059529566545257184365047370439872824088968915934646658803314494479
-3.05358241982225527748223243904867465790533747040554506034376227367593253401877115	0.00004146758004384136867496759165290748269330915592245669615268968900203262204164
-2.59541633891081826119714121022197267773169494772323109422091542014343983951169203	0.00053676961568811187978609019200471492531270168818801479377483958642795413269361
-2.14829664536162736468311356229466151251762627381591211291926671958456343607547662	0.00438127983579254226535054914696773597170770918355738382742309399992922423343172
-1.70956073926033735027540075169720375580690869296119395488847669196315596820097061	0.02341593362534191185518713229805832525879702216435453627189274510033198897739278
-1.27706681733985798817932133774479747548818727163969669538365376220461590437378918	0.08417308108405195350358304912253787763581392563077469899444505012642431719323366
-0.84901134206010306228245529330997808196582341558526744082977728606416880994537268	0.20737048075100944114172259401084763336945872485055848362576197833134847352816466
-0.42380790054385304107199886480296154936423242819694773764233520757143600348524385	0.35451730409975402178045968193104063080405967716334720431821933455902449952701001
0.00000000000000000000000000000000000000000000000000000000000000000000000000000000	0.42357728801505950128864719730828626580879552527308340880138321753296142958164406
0.42380790054385304107199886480296154936423242819694773764233520757143600348524385	0.35451730409975402178045968193104063080405967716334720431821933455902449952701001
0.84901134206010306228245529330997808196582341558526744082977728606416880994537268	0.20737048075100944114172259401084763336945872485055848362576197833134847352816466
1.27706681733985798817932133774479747548818727163969669538365376220461590437378918	0.08417308108405195350358304912253787763581392563077469899444505012642431719323366
1.70956073926033735027540075169720375580690869296119395488847669196315596820097061	0.02341593362534191185518713229805832525879702216435453627189274510033198897739278
2.14829664536162736468311356229466151251762627381591211291926671958456343607547662	0.00438127983579254226535054914696773597170770918355738382742309399992922423343172
2.59541633891081826119714121022197267773169494772323109422091542014343983951169203	0.00053676961568811187978609019200471492531270168818801479377483958642795413269361
3.05358241982225527748223243904867465790533747040554506034376227367593253401877115	0.00004146758004384136867496759165290748269330915592245669615268968900203262204164
3.52627534013435317836734692720060460402922575603737508520070645200594002667621407	0.00000191528090059529566545257184365047370439872824088968915934646658803314494479
4.01831867040873891853259217652532708129878588668848322242874793440704023782857993	0.00000004895400409699549319972390886295668297264689063777897248828071851623551537
4.53690666337244175124183237792322341415903673886105107053957480646828109572127810	0.00000000061550315782317906584456485345865013911398055113941560660258232095783089
5.09391000311318389214573028211336755049388439172590487473794728369881537564408507	0.00000000000313411761362303775323901404581234956395464832141925456003608564038658
5.71225555281653665442803895727743230928772083304637773037208800450357850976509477	0.00000000000000447077245739312462857090880506460227428953985704067244527345062771
6.45194014075347196859817722957038004128275539429309760336598525365802594958565118	0.00000000000000000070957792970513468120287897093260806470971881818511620786142063

