28
-6.59160544236774254401278521500156729787327260591547988651670320823295748573959749	0.00000000000000000011401393479036761638111730062245230186822048559979905010492806
-5.85701464138285064498775233017500745139584433989998868098013804939438336666506396	0.00000000000000083159379512068298818205008056694816262444085005812729060926031045
-5.24328537320293598151607539954768924766028699593757932257993427385178991924982017	0.00000000000066394367149096636358134111309764366447820711479380600428372345115519
-4.69075652394311792536027213440486221632926493075848116379958962503006185167273949	0.00000000014758531682776886141555192126511949766957471880679943524522791401286276
-4.17663674212926835939170027648457782608429457912553986398177679607850536283519919	0.00000001325682501541707815237201252423200243285887959464487544886270574564160060
-3.68913423846167949075881233642552376494335905930153458405635689874189599377617591	0.00000058577197209929817340349796654540196741695043844593996594685367449999574849
-3.22111207656145554760129143205191399443772913347020696556358478950120600525410292	0.00001434550422971441531325893002041393674457694658275643353442403659318445994493
-2.76779535291359376326247352898911902301591034421762413360165197488672459136342049	0.00021061810002403233091837503071683829477878295207040029298706785283644152541665
-2.32574984265644102177120613427633730508521968227153909730351476272622689383266636	0.00195733129440898961567512912133276242387089819019221793527145353111706540706911
-1.89236049683768534597127594425655761169297078667557067195206034496942299084920600	0.01196842321435481878660139167800889076328383474685012660627064261926656207830288
-1.46553726345740918960647832102774507463598590099200693400772861576728778121603648	0.04951488928989813987814321814749261120845897254002495254874937892501189143128518
-1.04353527375420827479480454123677496375202463903014693976539386654288716088310898	0.14139460978695493070377815146252056948207366173476456933138910279798721473841468
-0.62483671950520922740624699252930399200722509275031038654996367149959697181651775	0.28256139125938873511761063378562712552641072419547531894709376724059469594322296
-0.20806738269073686914100435758422915896961841925242509943315508239118112117545416	0.39860471782645144587872314439238524931976841804124732919610287723006704424525414
0.20806738269073686914100435758422915896961841925242509943315508239118112117545416	0.39860471782645144587872314439238524931976841804124732919610287723006704424525414
0.62483671950520922740624699252930399200722509275031038654996367149959697181651775	0.28256139125938873511761063378562712552641072419547531894709376724059469594322296
1.04353527375420827479480454123677496375202463903014693976539386654288716088310898	0.14139460978695493070377815146252056948207366173476456933138910279798721473841468
1.46553726345740918960647832102774507463598590099200693400772861576728778121603648	0.04951488928989813987814321814749261120845897254002495254874937892501189143128518
1.89236049683768534597127594425655761169297078667557067195206034496942299084920600	0.01196842321435481878660139167800889076328383474685012660627064261926656207830288
2.32574984265644102177120613427633730508521968227153909730351476272622689383266636	0.00195733129440898961567512912133276242387089819019221793527145353111706540706911
2.76779535291359376326247352898911902301591034421762413360165197488672459136342049	0.00021061810002403233091837503071683829477878295207040029298706785283644152541665
3.22111207656145554760129143205191399443772913347020696556358478950120600525410292	0.00001434550422971441531325893002041393674457694658275643353442403659318445994493
3.68913423846167949075881233642552376494335905930153458405635689874189599377617591	0.00000058577197209929817340349796654540196741695043844593996594685367449999574849
4.17663674212926835939170027648457782608429457912553986398177679607850536283519919	0.00000001325682501541707815237201252423200243285887959464487544886270574564160060
4.69075652394311792536027213440486221632926493075848116379958962503006185167273949	0.00000000014758531682776886141555192126511949766957471880679943524522791401286276
5.24328537320293598151607539954768924766028699593757932257993427385178991924982017	0.00000000000066394367149096636358134111309764366447820711479380600428372345115519
5.85701464138285064498775233017500745139584433989998868098013804939438336666506396	0.00000000000000083159379512068298818205008056694816262444085005812729060926031045
6.59160544236774254401278521500156729787327260591547988651670320823295748573959749	0.00000000000000000011401393479036761638111730062245230186822048559979905010492806

