29
-6.72869519860884996282275090113436487549460363794017997233735072847206130302915053	0.00000000000000000001824460852767245336349913451710917031228099201753281003728405
-5.99897128946382021064703887199343729577965972691594607952247547497295120779508156	0.00000000000000015345004446053208491679877108269078758228023955315353030946927595
-5.38964052196675165374224206199829059909450981182841058984253388257653350189817844	0.00000000000013901072714495980288619944230617028284430076352771268771793459520420
-4.84136365105916406751563519817167630801572983075397398849454233402476318800260137	0.00000000003484130161308433998447025643921278058459085439768340610568483089834123
-4.33147829381915039219204607238866147606594205652298626538734165507991328647601275	0.00000000352031232760069836293278726984173969166390058322771323333762349828304426
-3.84826679221362008020002346783690811239128103694289056038296583020634109970212655	0.00000017492291299499483576795948706408966200861847633978821514157137990306349191
-3.38464514109221407493725747958917279299832348608608235870912844565550250030335126	0.00000482307349764777021264190539709041650124390229679899029626027746899888364015
-2.93588250429012648485595959842967309147864388772605889541613149457691878799834738	0.00007990920354521804915959819511225498923055993898510477417587494255466873789639
-2.49858569101940424256654921001383016644142743006448071897272623190926160435914445	0.00084079250614026261599918537908369673552061702384680644540254363883587144445220
-2.07018107605342774080021749648321657876998791900077335452135123070676946356224485	0.00584550354527150964775832142569235738449053226527248218345556783623101830150284
-1.64862291389231641141094748580744109088079846526152426834639447839540565303997424	0.02763965559202368832634302549650418131990429817834172251992176322672197830472357
-1.23221575508475290380859225456466989351184771224706761419704438821777774850718880	0.09076884221557815976862447325830179350963186565780059659435358543234884298797506
-0.81949868127091157929870117011461486627659581347811606136466862369390499636665473	0.21014269444921062103497347231995707022707127363235787937058746080626904854631111
-0.40916463639492873677830190369976551866544113806163455716543786315433146576426794	0.34641893907167018637537222180230813438181493966240514510665890177319523859951053
0.00000000000000000000000000000000000000000000000000000000000000000000000000000000	0.40897117463522986331317660429765570491883705888435639470478379623872138028572530
0.40916463639492873677830190369976551866544113806163455716543786315433146576426794	0.34641893907167018637537222180230813438181493966240514510665890177319523859951053
0.81949868127091157929870117011461486627659581347811606136466862369390499636665473	0.21014269444921062103497347231995707022707127363235787937058746080626904854631111
1.23221575508475290380859225456466989351184771224706761419704438821777774850718880	0.09076884221557815976862447325830179350963186565780059659435358543234884298797506
1.64862291389231641141094748580744109088079846526152426834639447839540565303997424	0.02763965559202368832634302549650418131990429817834172251992176322672197830472357
2.07018107605342774080021749648321657876998791900077335452135123070676946356224485	0.00584550354527150964775832142569235738449053226527248218345556783623101830150284
2.49858569101940424256654921001383016644142743006448071897272623190926160435914445	0.00084079250614026261599918537908369673552061702384680644540254363883587144445220
2.93588250429012648485595959842967309147864388772605889541613149457691878799834738	0.00007990920354521804915959819511225498923055993898510477417587494255466873789639
3.38464514109221407493725747958917279299832348608608235870912844565550250030335126	0.00000482307349764777021264190539709041650124390229679899029626027746899888364015
3.84826679221362008020002346783690811239128103694289056038296583020634109970212655	0.00000017492291299499483576795948706408966200861847633978821514157137990306349191
4.33147829381915039219204607238866147606594205652298626538734165507991328647601275	0.00000000352031232760069836293278726984173969166390058322771323333762349828304426
4.84136365105916406751563519817167630801572983075397398849454233402476318800260137	0.00000000003484130161308433998447025643921278058459085439768340610568483089834123
5.38964052196675165374224206199829059909450981182841058984253388257653350189817844	0.00000000000013901072714495980288619944230617028284430076352771268771793459520420
5.99897128946382021064703887199343729577965972691594607952247547497295120779508156	0.00000000000000015345004446053208491679877108269078758228023955315353030946927595
6.72869519860884996282275090113436487549460363794017997233735072847206130302915053	0.00000000000000000001824460852767245336349913451710917031228099201753281003728405

