30
-6.86334529352989158106110835755502662148371104809147319110943823999818718159578697	0.00000000000000000000290825470013122622941102747365128030011114280752334848369234
-6.13827922012393462039499237853757950106509769009897166576341804296045155279791760	0.00000000000000002810333602750903708762774915339798584733124198786098042754862186
-5.53314715156749572511833355558039673325625828108991694249724865908690475931459668	0.00000000000002878607080548706062192397911415697681194809630083876745136651958299
-4.98891896858994394448649710633095429538095588298715684284973269697673205442704894	0.00000000000810618629746304420399344796173065000525006468984270256351695577856691
-4.48305535709251834188703761970910521609953953088646981290805668252006544293452381	0.00000000091785804243785282085007574249241774902502243733310116528335257648252025
-4.00390860386122881522787601332181807629920845990207529749276759290186999366461497	0.00000005108522450775946277389632044028376898650679853092962128866807731124967358
-3.54444387315534988692540090216836364983834990405559252621520332276884695252759596	0.00000157909488732471028834638794021891360850016376569031780691209641284832542535
-3.09997052958644174868873332237463901933085382034428637020598112022857016076838918	0.00002938725228922987641501184234118690589133227323379648691305935023027249765130
-2.66713212453561720057110646422087491741922463511266477739413897410300674768833114	0.00034831012431868552342099532318253566037257345355200250637371490808021932515763
-2.24339146776150407247297999482506136176990720575498390192700921011938362098868722	0.00273792247306765846298942568952662637871489388672002576370944115058120118877391
-1.82674114360368803883588048350612814612968933163813166719470766835605815584577921	0.01470382970482668351527735577870225653132696540980725066521141913249943222665823
-1.41552780019818851194072510554757982252891986831325805394739139731429199856206243	0.05514417687023425116807549481830163096515716211602690997890176976416378565806635
-1.00833827104672346180498960869641790584761579108214864255232357075148937534385162	0.14673584754089009975169364315184172174126480953629479615412689968684142992720963
-0.60392105862555230777815567875734181699774456998025870595321061626566229900925298	0.28013093083921266741349321129343408204728157117698700111422639136575132554378487
-0.20112857654887148554576301324369218569341077745376790229216301060542807588599685	0.38639488954181386255560184916512246368096519665928598243941516152099314154013090
0.20112857654887148554576301324369218569341077745376790229216301060542807588599685	0.38639488954181386255560184916512246368096519665928598243941516152099314154013090
0.60392105862555230777815567875734181699774456998025870595321061626566229900925298	0.28013093083921266741349321129343408204728157117698700111422639136575132554378487
1.00833827104672346180498960869641790584761579108214864255232357075148937534385162	0.14673584754089009975169364315184172174126480953629479615412689968684142992720963
1.41552780019818851194072510554757982252891986831325805394739139731429199856206243	0.05514417687023425116807549481830163096515716211602690997890176976416378565806635
1.82674114360368803883588048350612814612968933163813166719470766835605815584577921	0.01470382970482668351527735577870225653132696540980725066521141913249943222665823
2.24339146776150407247297999482506136176990720575498390192700921011938362098868722	0.00273792247306765846298942568952662637871489388672002576370944115058120118877391
2.66713212453561720057110646422087491741922463511266477739413897410300674768833114	0.00034831012431868552342099532318253566037257345355200250637371490808021932515763
3.09997052958644174868873332237463901933085382034428637020598112022857016076838918	0.00002938725228922987641501184234118690589133227323379648691305935023027249765130
3.54444387315534988692540090216836364983834990405559252621520332276884695252759596	0.00000157909488732471028834638794021891360850016376569031780691209641284832542535
4.00390860386122881522787601332181807629920845990207529749276759290186999366461497	0.00000005108522450775946277389632044028376898650679853092962128866807731124967358
4.48305535709251834188703761970910521609953953088646981290805668252006544293452381	0.00000000091785804243785282085007574249241774902502243733310116528335257648252025
4.98891896858994394448649710633095429538095588298715684284973269697673205442704894	0.00000000000810618629746304420399344796173065000525006468984270256351695577856691
5.53314715156749572511833355558039673325625828108991694249724865908690475931459668	0.00000000000002878607080548706062192397911415697681194809630083876745136651958299
6.13827922012393462039499237853757950106509769009897166576341804296045155279791760	0.00000000000000002810333602750903708762774915339798584733124198786098042754862186
6.86334529352989158106110835755502662148371104809147319110943823999818718159578697	0.00000000000000000000290825470013122622941102747365128030011114280752334848369234

