31
-6.99568012371854027532485214732318514478462591248094898118248679130847583349869876	0.00000000000000000000046189683944642050213294442697371071392778466686401939724568
-6.27507870494286014270365678125299498999800165558876979013749673835341332701041333	0.00000000000000000511060900792715640739422641165660975310141303560985181907335895
-5.67396144461858832963325587892759340241992190943318889903342525266376427220117684	0.00000000000000589955649875387299038431589377751972582597899880341995793767291722
-5.13359557711238070458629689139962495310013705599831592145275086770363944031213972	0.00000000000186037352145214652437380892603377621382798283568785268060840489907289
-4.63155950631285994206679976543364247606719822015456102286635955052449110619820614	0.00000000023524920032086416339859779532276191645389370867243555506692427092172189
-4.15627175581814517248313523153137245857740279226612179762549908485497452015479438	0.00000001461198834491053073527803230553613209084774725904440403489007682215726896
-3.70074340323146942244971645896734185133471048922495621778319586958360551831387927	0.00000050437125589397997425374567163331267259168798953570506593522501955122379209
-3.26032073231354081046454015096484027652041790264779088319261986916758358439575992	0.00001049860275767560632281232792083263668856639317730410296520173107647373583908
-2.83168045339020545570156401514248268199798823606915128303931341626976026808877058	0.00013952090395047043382365375439622687096170971511082012740912043004050082616397
-2.41231770548042010517401845821187564540921868540473563428913656434566045849344504	0.00123368330730688826551750402319246689903620131511524802539493221209053782566601
-2.00025854893563896579755625985712409246714450702738656373471464717101219406014109	0.00748279991403519848345678003015732806801079273204172232852757270720178972977601
-1.59388586047213982613884194555500279228464289173371728426240741232631699394756963	0.03184723073130033277720872353389129019173633192318148663101899784000451397041873
-1.19182699835004642608213586492420784796092185803029665812838026240247329676246856	0.09671794816087045355803384788855638208006128850494404420724071251730853122598027
-0.79287697691530893968593032998829673219542255128951980335892525872585087844185159	0.21213278866876477987773563734307706118704143250542155154563483722374831329206954
-0.39594273647142311094670041663435740694959080907964690509306898978878107539040795	0.33877265789410772467570191987779497158175406122139019429414219794501052072209966
0.00000000000000000000000000000000000000000000000000000000000000000000000000000000	0.39577855609860954514178381061063455314726166988808683358527464152134327124425029
0.39594273647142311094670041663435740694959080907964690509306898978878107539040795	0.33877265789410772467570191987779497158175406122139019429414219794501052072209966
0.79287697691530893968593032998829673219542255128951980335892525872585087844185159	0.21213278866876477987773563734307706118704143250542155154563483722374831329206954
1.19182699835004642608213586492420784796092185803029665812838026240247329676246856	0.09671794816087045355803384788855638208006128850494404420724071251730853122598027
1.59388586047213982613884194555500279228464289173371728426240741232631699394756963	0.03184723073130033277720872353389129019173633192318148663101899784000451397041873
2.00025854893563896579755625985712409246714450702738656373471464717101219406014109	0.00748279991403519848345678003015732806801079273204172232852757270720178972977601
2.41231770548042010517401845821187564540921868540473563428913656434566045849344504	0.00123368330730688826551750402319246689903620131511524802539493221209053782566601
2.83168045339020545570156401514248268199798823606915128303931341626976026808877058	0.00013952090395047043382365375439622687096170971511082012740912043004050082616397
3.26032073231354081046454015096484027652041790264779088319261986916758358439575992	0.00001049860275767560632281232792083263668856639317730410296520173107647373583908
3.70074340323146942244971645896734185133471048922495621778319586958360551831387927	0.00000050437125589397997425374567163331267259168798953570506593522501955122379209
4.15627175581814517248313523153137245857740279226612179762549908485497452015479438	0.00000001461198834491053073527803230553613209084774725904440403489007682215726896
4.63155950631285994206679976543364247606719822015456102286635955052449110619820614	0.00000000023524920032086416339859779532276191645389370867243555506692427092172189
5.13359557711238070458629689139962495310013705599831592145275086770363944031213972	0.00000000000186037352145214652437380892603377621382798283568785268060840489907289
5.67396144461858832963325587892759340241992190943318889903342525266376427220117684	0.00000000000000589955649875387299038431589377751972582597899880341995793767291722
6.27507870494286014270365678125299498999800165558876979013749673835341332701041333	0.00000000000000000511060900792715640739422641165660975310141303560985181907335895
6.99568012371854027532485214732318514478462591248094898118248679130847583349869876	0.00000000000000000000046189683944642050213294442697371071392778466686401939724568

