32
-7.12581390983072757279520760342230467551477848320883966003208401748520878837525361	0.00000000000000000000007310676427384162393274278455063118110214965163186681259745
-6.40949814926966041217376374152709723090959637318432971220960312470524740888823021	0.00000000000000000092317365365182922334944200720743858117973221220075017123817749
-5.81222594951591383276596615365958220102763283920503916271951202473176125123256846	0.00000000000000119734401709284866582868189950895924716636723957809223407750478640
-5.27555098651588012781906048139636439477703934077844445017113873911004781845011873	0.00000000000042150102113264475729694452118303461972418167610831785339856985047855
-4.77716450350259639303579405688940045631725839455733836028826580581836154533486395	0.00000000005933291463396638614511568215583533434581885109049759792276208083430071
-4.30554795335119844526348653193126823313296038615859411066087565824044934033501156	0.00000000409883216477089661823504101379731245864971297975555934467853115212466952
-3.85375548547144464388787292109362719324486393601593546389331963582559572502186484	0.00000015741677925455940292686925792946164229466967918218377031760882373284683314
-3.41716749281857073587392729563527678862166356792003670079026335543053311041610462	0.00000365058512956237605737032418745830484368571805996285853559443562106725589271
-2.99249082500237420628549407606377753612346258618259565005584712560981733918996037	0.00005416584061819982558001939392671890387653452750347335636579113264171949650534
-2.57724953773231745403092930114130684213758775673964506972905090298367706354811578	0.00053626836552797204597023810150086897402209773519912859994506472158211604465340
-2.16949918360611217330570559501505217726838611968729608551733910516956960432670996	0.00365489032665442807912565712241286428887681663382744574376051588697944361485054
-1.76765410946320160462767325852650205483948330866289733269154421732812789237190589	0.01755342883157343030343784461100920985146555215320270793031834431959822233998670
-1.37037641095287183816170564864458302358983790613966262458476506295071696446094963	0.06045813095591261418658576078328994351120276994155576952732212817303066674064083
-0.97650046358968283848470487198177189149614334336429830066898199992338472542523415	0.15126973407664248257514711461402848359681231856667717310576742415371316697925050
-0.58497876543593244846695754401145509918422797073724679258001757512428868475019033	0.27745814230252989813769891854161681644228804607449341871872263132201451629695552
-0.19484074156939932670874128953220010532181688100973815424468437409983310429466961	0.37523835259280239286681838890711976393413952547450291083215688277314307231493730
0.19484074156939932670874128953220010532181688100973815424468437409983310429466961	0.37523835259280239286681838890711976393413952547450291083215688277314307231493730
0.58497876543593244846695754401145509918422797073724679258001757512428868475019033	0.27745814230252989813769891854161681644228804607449341871872263132201451629695552
0.97650046358968283848470487198177189149614334336429830066898199992338472542523415	0.15126973407664248257514711461402848359681231856667717310576742415371316697925050
1.37037641095287183816170564864458302358983790613966262458476506295071696446094963	0.06045813095591261418658576078328994351120276994155576952732212817303066674064083
1.76765410946320160462767325852650205483948330866289733269154421732812789237190589	0.01755342883157343030343784461100920985146555215320270793031834431959822233998670
2.16949918360611217330570559501505217726838611968729608551733910516956960432670996	0.00365489032665442807912565712241286428887681663382744574376051588697944361485054
2.57724953773231745403092930114130684213758775673964506972905090298367706354811578	0.00053626836552797204597023810150086897402209773519912859994506472158211604465340
2.99249082500237420628549407606377753612346258618259565005584712560981733918996037	0.00005416584061819982558001939392671890387653452750347335636579113264171949650534
3.41716749281857073587392729563527678862166356792003670079026335543053311041610462	0.00000365058512956237605737032418745830484368571805996285853559443562106725589271
3.85375548547144464388787292109362719324486393601593546389331963582559572502186484	0.00000015741677925455940292686925792946164229466967918218377031760882373284683314
4.30554795335119844526348653193126823313296038615859411066087565824044934033501156	0.00000000409883216477089661823504101379731245864971297975555934467853115212466952
4.77716450350259639303579405688940045631725839455733836028826580581836154533486395	0.00000000005933291463396638614511568215583533434581885109049759792276208083430071
5.27555098651588012781906048139636439477703934077844445017113873911004781845011873	0.00000000000042150102113264475729694452118303461972418167610831785339856985047855
5.81222594951591383276596615365958220102763283920503916271951202473176125123256846	0.00000000000000119734401709284866582868189950895924716636723957809223407750478640
6.40949814926966041217376374152709723090959637318432971220960312470524740888823021	0.00000000000000000092317365365182922334944200720743858117973221220075017123817749
7.12581390983072757279520760342230467551477848320883966003208401748520878837525361	0.00000000000000000000007310676427384162393274278455063118110214965163186681259745

