33
-7.25385182201520064607977244464920844665869907791299430054235972406505052338201067	0.00000000000000000000001153316218545884540822088907573628763353323392438147165070
-6.54165544573807726095826608811429492577572210593602468931991457365153974853246750	0.00000000000000000016570947415336905104822604029062598325920722970441246008673439
-5.94807118208714447981366477584314790863831589519738155340974922192965166503475364	0.00000000000000024077856795579944282458770706807976721335017070634916490791459196
-5.41492900261419253992709076453825985878536974649666312114164143096406269966625141	0.00000000000009434814159014975034519315865271927117769930313999562412329061500594
-4.92002852059500829241139910264778484549825319138929854612086527942377506524928342	0.00000000001473980937092488676766555434406286638719407329223676884267353082895722
-4.45191114883282719009473876206208905759048059260713201043581772338998930854327680	0.00000000112892224710833129085848357164601373496972789670410744565407851694870596
-4.00367160995693141451378357173996638029809478020263154158522131212546638994372142	0.00000004807745676323190980157582659404862277010525932243463801531721139166409402
-3.57072198023271828561890330658342726990827668150236589095444041684657653796532597	0.00000123769336720121013593677278301434216228052652031009278198103471439567276819
-3.14979668170382538461281438786158941551660436969496626755450832085745636516890167	0.00002042368405142377324053298961800989189498110626491290283885991945617530386575
-2.73844582435135490694887052899115973437164315849534953924732756483534617310417019	0.00022544277059632741547955699996301271205675689289915634146995854260130156790176
-2.33475115152951517708536069772887883665200128347464772176959481864966228131677774	0.00171845463776092445684897958755116526111531438301175710326067483013013986987944
-1.93715458182220661643452220907718565463619327610552137695988224539184100905532648	0.00926568997068523330372581072022727228528717030121042332363645622186709719349237
-1.54434826124312180914304288754177617831953775091360240476910384030870856729126089	0.03598798231857697444868664484370220881275374570008981356739935005911440319460646
-1.15520020412678961356412482063145852404292714085050642824636391217668420616672438	0.10206907999554150079250552092074088452647808343798156063997761520307492259171607
-0.76870137975886859810722456130551872295899318145794258796744003999340342635918262	0.21349393115029183648825860519391772630656763141325767825456928416162220035334535
-0.38392601450840908377114548840148706462281368441495972143587525310425608305160890	0.33155200075074128228835278976353429654066877708866368369333922433915039550583672
0.00000000000000000000000000000000000000000000000000000000000000000000000000000000	0.38378526651986380134960854362243350608219313443693268711299359177827226302472755
0.38392601450840908377114548840148706462281368441495972143587525310425608305160890	0.33155200075074128228835278976353429654066877708866368369333922433915039550583672
0.76870137975886859810722456130551872295899318145794258796744003999340342635918262	0.21349393115029183648825860519391772630656763141325767825456928416162220035334535
1.15520020412678961356412482063145852404292714085050642824636391217668420616672438	0.10206907999554150079250552092074088452647808343798156063997761520307492259171607
1.54434826124312180914304288754177617831953775091360240476910384030870856729126089	0.03598798231857697444868664484370220881275374570008981356739935005911440319460646
1.93715458182220661643452220907718565463619327610552137695988224539184100905532648	0.00926568997068523330372581072022727228528717030121042332363645622186709719349237
2.33475115152951517708536069772887883665200128347464772176959481864966228131677774	0.00171845463776092445684897958755116526111531438301175710326067483013013986987944
2.73844582435135490694887052899115973437164315849534953924732756483534617310417019	0.00022544277059632741547955699996301271205675689289915634146995854260130156790176
3.14979668170382538461281438786158941551660436969496626755450832085745636516890167	0.00002042368405142377324053298961800989189498110626491290283885991945617530386575
3.57072198023271828561890330658342726990827668150236589095444041684657653796532597	0.00000123769336720121013593677278301434216228052652031009278198103471439567276819
4.00367160995693141451378357173996638029809478020263154158522131212546638994372142	0.00000004807745676323190980157582659404862277010525932243463801531721139166409402
4.45191114883282719009473876206208905759048059260713201043581772338998930854327680	0.00000000112892224710833129085848357164601373496972789670410744565407851694870596
4.92002852059500829241139910264778484549825319138929854612086527942377506524928342	0.00000000001473980937092488676766555434406286638719407329223676884267353082895722
5.41492900261419253992709076453825985878536974649666312114164143096406269966625141	0.00000000000009434814159014975034519315865271927117769930313999562412329061500594
5.94807118208714447981366477584314790863831589519738155340974922192965166503475364	0.00000000000000024077856795579944282458770706807976721335017070634916490791459196
6.54165544573807726095826608811429492577572210593602468931991457365153974853246750	0.00000000000000000016570947415336905104822604029062598325920722970441246008673439
7.25385182201520064607977244464920844665869907791299430054235972406505052338201067	0.00000000000000000000001153316218545884540822088907573628763353323392438147165070

