34
-7.37989095048124633261533708970655216397759767832360210401185025368129838658459920	0.00000000000000000000000181380011195977315627822901222881538590913064523829268530
-6.67165913607016987336937955052347638237779520767755931666051652899741902678973747	0.00000000000000000002956708922360554718804905038361173895346016223221642353614756
-6.08161699393631625862474321221733981086865793269288396611570619257149240581196250	0.00000000000000004799901997894822861466359741224088158709978954872286876701477201
-5.55186133098877771861836868628746593690358819466925058278418761313699282818122461	0.00000000000002087840373116017993112354668326040111844855070317694755048602328314
-5.06029601860576191621564142961215912478080973589020603559987486490994045493503084	0.00000000000360988174748605995021648089764493570936191858023619655254531298742970
-4.59551974810817029141906642811740753482191064298332138558841297741071807520376800	0.00000000030562520419155048383550877755855940310354411272869165269085515568140661
-4.15066560297078106629961210546864063713016546862029102235481906995960006502814064	0.00000001438773291253995695917293760723520025191141189252149092488545001426429438
-3.72117523247615296477309518300797075016793418955862452511783692404582727116181704	0.00000040979740352245998803547206930297692162495219926786182235538257952993768122
-3.30380843156441600930380227390901639994801231290268154027666557632236170153072454	0.00000749344878330226226199731648864540632265986157477117616637583507036193513932
-2.89613894317443165707014598596234411594680534457111260120939318804731631946511089	0.00009186118982872384612037390432028454210655627047940983067028386277020322176962
-2.49627194081654733203790591559794445254323938758184468346051457511061865951136205	0.00077981759962319933295155728894850136157058900307747253287772234140983847097163
-2.10267369046733254730339755463648294407653568245571485148836855903879386431660842	0.00469846362926658703366823164133317796419509844822807859681583453015564799512857
-1.71406255338733805405498888816216738060964975225927258240445797181025413700897383	0.02047315172701943764807380118942191655201798440801533848818517531193742910631667
-1.32933555188478577991509105884045066477657575893062755132314018662464111660638193	0.06544513410875272241354495392079338574273645323824730549778691237811073043917351
-0.94751645803344732117232866137739517817587484257326520892040871913411493497188878	0.15511041662330938649926007269402185662472788254757109059598794977737749827189626
-0.56771726855487458915055456541492510652362254429188452354512321632420744179042127	0.27462771563513739979256848330199282383014021802026084358830907114660410783439852
-0.18910806052714248128971468632767810298502522333485181852001440296708213088584422	0.36499244699664480744933268983064258553514506933259805868852464319830889728302207
0.18910806052714248128971468632767810298502522333485181852001440296708213088584422	0.36499244699664480744933268983064258553514506933259805868852464319830889728302207
0.56771726855487458915055456541492510652362254429188452354512321632420744179042127	0.27462771563513739979256848330199282383014021802026084358830907114660410783439852
0.94751645803344732117232866137739517817587484257326520892040871913411493497188878	0.15511041662330938649926007269402185662472788254757109059598794977737749827189626
1.32933555188478577991509105884045066477657575893062755132314018662464111660638193	0.06544513410875272241354495392079338574273645323824730549778691237811073043917351
1.71406255338733805405498888816216738060964975225927258240445797181025413700897383	0.02047315172701943764807380118942191655201798440801533848818517531193742910631667
2.10267369046733254730339755463648294407653568245571485148836855903879386431660842	0.00469846362926658703366823164133317796419509844822807859681583453015564799512857
2.49627194081654733203790591559794445254323938758184468346051457511061865951136205	0.00077981759962319933295155728894850136157058900307747253287772234140983847097163
2.89613894317443165707014598596234411594680534457111260120939318804731631946511089	0.00009186118982872384612037390432028454210655627047940983067028386277020322176962
3.30380843156441600930380227390901639994801231290268154027666557632236170153072454	0.00000749344878330226226199731648864540632265986157477117616637583507036193513932
3.72117523247615296477309518300797075016793418955862452511783692404582727116181704	0.00000040979740352245998803547206930297692162495219926786182235538257952993768122
4.15066560297078106629961210546864063713016546862029102235481906995960006502814064	0.00000001438773291253995695917293760723520025191141189252149092488545001426429438
4.59551974810817029141906642811740753482191064298332138558841297741071807520376800	0.00000000030562520419155048383550877755855940310354411272869165269085515568140661
5.06029601860576191621564142961215912478080973589020603559987486490994045493503084	0.00000000000360988174748605995021648089764493570936191858023619655254531298742970
5.55186133098877771861836868628746593690358819466925058278418761313699282818122461	0.00000000000002087840373116017993112354668326040111844855070317694755048602328314
6.08161699393631625862474321221733981086865793269288396611570619257149240581196250	0.00000000000000004799901997894822861466359741224088158709978954872286876701477201
6.67165913607016987336937955052347638237779520767755931666051652899741902678973747	0.00000000000000000002956708922360554718804905038361173895346016223221642353614756
7.37989095048124633261533708970655216397759767832360210401185025368129838658459920	0.00000000000000000000000181380011195977315627822901222881538590913064523829268530

