35
-7.50402114644893608009684453369903167421577632638721702428782280387607149065541574	0.00000000000000000000000028441134657253305313345636163059398789838483706075807741
-6.79960941328413015723008793203189089961484288661264257113048078758294034656934170	0.00000000000000000000524565272917450849119718663135246785557504582299776199294388
-6.21297374763371687330169346627772080634412830087843563838987118675775074904805185	0.00000000000000000948988487947300464974559088633607286581713229427946003922110380
-5.68646894809044159169678816023215229995279161198625613155585389574148258961325944	0.00000000000000457044419041821332551575629599634727571430570452061047300591403534
-5.19809934619775262416051624102454449789417868224723290591966022796631453931843899	0.00000000000087225260125369570592978047986050341241672627945918589662373114685934
-4.73651847741321080045247407547684525090054285057505761400593759947832987371749071	0.00000000008140695686677701848844802891338280114289287005496875560651796093190670
-4.29489581449276323150764504096677275745000786592978103402754280826960520180352006	0.00000000422397613000940901565641120805728945935359674339045817984708728611836379
-3.86870073096915438260046173145578801832459064641689225632085840222183458412465477	0.00000013269405173066729432359925262359687730646166199085549059841077837559612736
-3.45471649575199082725870718472354757440398398956630082289226301512579653980306414	0.00000267981565461353196088813572248338691217844306742678671398261267045681162199
-3.05053842043044669087449738234347863956243726189117215809971171975994094703479377	0.00003635276917415757303551418511488208226922158019943620061125582889146460043189
-2.65429278119717203565115631978184382296931738612754519962021081757019527826771000	0.00034234009319960768151994512620053458753953175844929237036333840117277154722522
-2.26446750104256864944551926090026679024069113245380445540505431819754971966440953	0.00229502832958409424757612788536573500886380632765317374331337344662745797423689
-1.87980398873091707888382338826064262560202194189076656895497174308278780869644457	0.01116680659026572969100845530067480767109686014664865441787147818016031591427601
-1.49922448861173016845452763501081510716585352228130404803801365151068221023160139	0.04002477513310028687689322882328158715088966010038580454763643698516416592090149
-1.12178099072030261678328213555514852222133448610939629702463678052158542531708932	0.10687290695546251543515013268978639804618084419264951066602666332025468814458933
-0.74661763987986701711835459116023981373884373532622169105340289389015276126739965	0.21434719059607348076166320084103092611087384776790595667091107313638184611024201
-0.37294171704961686114534582504947826387930811627149375933445807042536130208007317	0.32472872157456945996783966778989178968353626787609313723865435529262501155199167
0.00000000000000000000000000000000000000000000000000000000000000000000000000000000	0.37281997319072483559676258523322112019413047345302032462405091772746448408116391
0.37294171704961686114534582504947826387930811627149375933445807042536130208007317	0.32472872157456945996783966778989178968353626787609313723865435529262501155199167
0.74661763987986701711835459116023981373884373532622169105340289389015276126739965	0.21434719059607348076166320084103092611087384776790595667091107313638184611024201
1.12178099072030261678328213555514852222133448610939629702463678052158542531708932	0.10687290695546251543515013268978639804618084419264951066602666332025468814458933
1.49922448861173016845452763501081510716585352228130404803801365151068221023160139	0.04002477513310028687689322882328158715088966010038580454763643698516416592090149
1.87980398873091707888382338826064262560202194189076656895497174308278780869644457	0.01116680659026572969100845530067480767109686014664865441787147818016031591427601
2.26446750104256864944551926090026679024069113245380445540505431819754971966440953	0.00229502832958409424757612788536573500886380632765317374331337344662745797423689
2.65429278119717203565115631978184382296931738612754519962021081757019527826771000	0.00034234009319960768151994512620053458753953175844929237036333840117277154722522
3.05053842043044669087449738234347863956243726189117215809971171975994094703479377	0.00003635276917415757303551418511488208226922158019943620061125582889146460043189
3.45471649575199082725870718472354757440398398956630082289226301512579653980306414	0.00000267981565461353196088813572248338691217844306742678671398261267045681162199
3.86870073096915438260046173145578801832459064641689225632085840222183458412465477	0.00000013269405173066729432359925262359687730646166199085549059841077837559612736
4.29489581449276323150764504096677275745000786592978103402754280826960520180352006	0.00000000422397613000940901565641120805728945935359674339045817984708728611836379
4.73651847741321080045247407547684525090054285057505761400593759947832987371749071	0.00000000008140695686677701848844802891338280114289287005496875560651796093190670
5.19809934619775262416051624102454449789417868224723290591966022796631453931843899	0.00000000000087225260125369570592978047986050341241672627945918589662373114685934
5.68646894809044159169678816023215229995279161198625613155585389574148258961325944	0.00000000000000457044419041821332551575629599634727571430570452061047300591403534
6.21297374763371687330169346627772080634412830087843563838987118675775074904805185	0.00000000000000000948988487947300464974559088633607286581713229427946003922110380
6.79960941328413015723008793203189089961484288661264257113048078758294034656934170	0.00000000000000000000524565272917450849119718663135246785557504582299776199294388
7.50402114644893608009684453369903167421577632638721702428782280387607149065541574	0.00000000000000000000000028441134657253305313345636163059398789838483706075807741

