36
-7.62632575400389426320017397324985960951706637875066742057477950662267628401277386	0.00000000000000000000000004447153417575580078296168141364085282391799924289526843
-6.92559899025994204565549540619325304461218920942156539961570069477947883333354221	0.00000000000000000000092564030835583198388836296227557043916777605455079443226147
-6.34224333099441206249680161999509083292776475711965512356760451950684074019054624	0.00000000000000000186159798780800245508658181754411281587206662484861136768008409
-5.81886327950557695403951880304930312438467214889144573139954531515062987861320513	0.00000000000000099029016869063375726730533856955647351158547990260433382065019075
-5.33356010711306379172103463113630048857963041727297553122032837142821871772432455	0.00000000000020809126742868741540267977318842350829796962887395290109528690632473
-4.87503997246708384794453708851121095034576536070565901846457340810712846988625208	0.00000000002135354181784554518257586526290801050435057297911402952888988487260638
-4.43650697019285730437666272651543867435818389255324408905607137801621808799406946	0.00000000121786782095572333134120459358320337361370685476340229312510076300850384
-4.01345656774947042011258756877579438865829240540289431512875020654569249855176458	0.00000004207491323109070891579949140825952754263094052959646588413250110281107145
-3.60269385714847567641311230561007370387816199823915259490330313972909790201360972	0.00000093555700897732523504739495085346252389968820804484292770152953065531445476
-3.20183394578815855909546624951740508574010512893841602950570504324402479994951647	0.00001399702922032896386456712475300085939917398751654161507656658630566737312208
-2.80902223513110362944312709947205967084058446448759877045683269036990899869528598	0.00014569615962636061112090661547143351159217701850434954512851247229716002989558
-2.42276604205356160952485222554534753190090436404154789573050822691520636914989778	0.00108253475668680260116147153346995912580887818746308306246816324501228263653934
-2.04182718355442027273628475113890322301112082052259770635228347999614121578668710	0.00585642598655955863381518992665545412885290196239803897298390253127400059853596
-1.66515000184341433191608869738782064925749094418010616080027555877025321825346836	0.02342576750973176641133748736431845789707748876846759199931139747933989483677670
-1.29181095882092392651499501023773647397667380947505276137598994825294095486646360	0.07010475010517768469340736374458138940677450217681538701773652655053924116842002
-0.92098180157075310825603909066061736937560867180404877863587056003621098968680869	0.15835545375116659338322520226652158344075037968330715872804333364831702844100964
-0.55190143329042282350275056293385355425043573639396827030745701059211471243208142	0.27170124700952747730337578267443150882061011297512402428503165795512360594550239
-0.18385336710581280037179096148159699602065630092371270690445595606349089972969757	0.35554007427370878643814188006509467373494833033155010553277284581563384269494848
0.18385336710581280037179096148159699602065630092371270690445595606349089972969757	0.35554007427370878643814188006509467373494833033155010553277284581563384269494848
0.55190143329042282350275056293385355425043573639396827030745701059211471243208142	0.27170124700952747730337578267443150882061011297512402428503165795512360594550239
0.92098180157075310825603909066061736937560867180404877863587056003621098968680869	0.15835545375116659338322520226652158344075037968330715872804333364831702844100964
1.29181095882092392651499501023773647397667380947505276137598994825294095486646360	0.07010475010517768469340736374458138940677450217681538701773652655053924116842002
1.66515000184341433191608869738782064925749094418010616080027555877025321825346836	0.02342576750973176641133748736431845789707748876846759199931139747933989483677670
2.04182718355442027273628475113890322301112082052259770635228347999614121578668710	0.00585642598655955863381518992665545412885290196239803897298390253127400059853596
2.42276604205356160952485222554534753190090436404154789573050822691520636914989778	0.00108253475668680260116147153346995912580887818746308306246816324501228263653934
2.80902223513110362944312709947205967084058446448759877045683269036990899869528598	0.00014569615962636061112090661547143351159217701850434954512851247229716002989558
3.20183394578815855909546624951740508574010512893841602950570504324402479994951647	0.00001399702922032896386456712475300085939917398751654161507656658630566737312208
3.60269385714847567641311230561007370387816199823915259490330313972909790201360972	0.00000093555700897732523504739495085346252389968820804484292770152953065531445476
4.01345656774947042011258756877579438865829240540289431512875020654569249855176458	0.00000004207491323109070891579949140825952754263094052959646588413250110281107145
4.43650697019285730437666272651543867435818389255324408905607137801621808799406946	0.00000000121786782095572333134120459358320337361370685476340229312510076300850384
4.87503997246708384794453708851121095034576536070565901846457340810712846988625208	0.00000000002135354181784554518257586526290801050435057297911402952888988487260638
5.33356010711306379172103463113630048857963041727297553122032837142821871772432455	0.00000000000020809126742868741540267977318842350829796962887395290109528690632473
5.81886327950557695403951880304930312438467214889144573139954531515062987861320513	0.00000000000000099029016869063375726730533856955647351158547990260433382065019075
6.34224333099441206249680161999509083292776475711965512356760451950684074019054624	0.00000000000000000186159798780800245508658181754411281587206662484861136768008409
6.92559899025994204565549540619325304461218920942156539961570069477947883333354221	0.00000000000000000000092564030835583198388836296227557043916777605455079443226147
7.62632575400389426320017397324985960951706637875066742057477950662267628401277386	0.00000000000000000000000004447153417575580078296168141364085282391799924289526843

