37
-7.74688224964945601659636433971371784192008357971827411695943180909571190645509481	0.00000000000000000000000000693508355058380664729213906115189206615377369122718752
-7.04971385577822941732785081883954976039852546539722602057282656959536662414947624	0.00000000000000000000016249853271916728864367058319574727489097411602289157816802
-6.46952003652403113588668747924529968834727226161198133168711605170672041304384570	0.00000000000000000036247269512444094871734144159162061335943537647319691724182535
-5.94914721746197126550483704227987691642569239513040800450297974723625061618669381	0.00000000000000021248851941314811933489542282486171125271890754970522508549844496
-5.46679033596856039240257125063629208118257934069699737927500756478139327208518963	0.00000000000004904739364185215440744682213010572539373187080495275880653626439446
-5.01120613857307274966455120848383959911556629424811358393239964527268062599001378	0.00000000000552039726463747665624619814279263005701725589240960967590547384854770
-4.57563174866735852759035364644044669613669683544472391943076662718055186691219923	0.00000000034519062272121213825011465674900078396593938117025718329134442859778204
-4.15558728112647904877401524513214512575175587252768928131837373986193907135242812	0.00000001307969882180224803727589905000583166453825492246913047719145052685703118
-3.74789820647547990929920488919346099889954649940041491841996646305112657802409769	0.00000031928854810032303774150244842948571507398607830248654723470230663421573597
-3.35019789497253565281269780267036815822391102175081654883428751312377501197401548	0.00000525214357712005367373847886537157405865956574273196703960070708020825681402
-2.96064918130328903924161947889481691282431659990399964912958264448586036826578094	0.00006022695165267415975749326171802782011346554764005053631550691960385843243333
-2.57777685811327196071004164330734467219470936193850087045695200776177593805190875	0.00049417150121469428125837039016048454832725447256322990093486796225600925675504
-2.20036093400925215037332499787038241918610075864111506848336663719275646879732394	0.00296080018460290615482462662125341368382727333765659053172210340557075662462445
-1.82736524876360468586076081431425945670273109671222275240912366415302638254589850	0.01316017997721155398541619372801921328053701491970861889683671346060292518608028
-1.45788764687420903880677095517871218532938850906838503330953901016282096658446911	0.04393136229953929471190923997531096174468615723758308314634276725032270279173939
-1.09112376497593310934693494683888407612238398976805458554771108944739745352676182	0.11117916510719522827740900821857417099861677989959556105133060189373365239007676
-0.72633961660512018832438838832680659729852025401717516544489731003103169873552782	0.21478887596478399990426574210111922779544816999716259820296071540227373431110804
-0.36284990505065798026140358797749504285526267531166623164073477852500397250711993	0.31827467975443152785269891433774914905992515042396472760798568793551040124485001
0.00000000000000000000000000000000000000000000000000000000000000000000000000000000	0.36274375769908362382387710995664757640509992011645220774231981184293841694383515
0.36284990505065798026140358797749504285526267531166623164073477852500397250711993	0.31827467975443152785269891433774914905992515042396472760798568793551040124485001
0.72633961660512018832438838832680659729852025401717516544489731003103169873552782	0.21478887596478399990426574210111922779544816999716259820296071540227373431110804
1.09112376497593310934693494683888407612238398976805458554771108944739745352676182	0.11117916510719522827740900821857417099861677989959556105133060189373365239007676
1.45788764687420903880677095517871218532938850906838503330953901016282096658446911	0.04393136229953929471190923997531096174468615723758308314634276725032270279173939
1.82736524876360468586076081431425945670273109671222275240912366415302638254589850	0.01316017997721155398541619372801921328053701491970861889683671346060292518608028
2.20036093400925215037332499787038241918610075864111506848336663719275646879732394	0.00296080018460290615482462662125341368382727333765659053172210340557075662462445
2.57777685811327196071004164330734467219470936193850087045695200776177593805190875	0.00049417150121469428125837039016048454832725447256322990093486796225600925675504
2.96064918130328903924161947889481691282431659990399964912958264448586036826578094	0.00006022695165267415975749326171802782011346554764005053631550691960385843243333
3.35019789497253565281269780267036815822391102175081654883428751312377501197401548	0.00000525214357712005367373847886537157405865956574273196703960070708020825681402
3.74789820647547990929920488919346099889954649940041491841996646305112657802409769	0.00000031928854810032303774150244842948571507398607830248654723470230663421573597
4.15558728112647904877401524513214512575175587252768928131837373986193907135242812	0.00000001307969882180224803727589905000583166453825492246913047719145052685703118
4.57563174866735852759035364644044669613669683544472391943076662718055186691219923	0.00000000034519062272121213825011465674900078396593938117025718329134442859778204
5.01120613857307274966455120848383959911556629424811358393239964527268062599001378	0.00000000000552039726463747665624619814279263005701725589240960967590547384854770
5.46679033596856039240257125063629208118257934069699737927500756478139327208518963	0.00000000000004904739364185215440744682213010572539373187080495275880653626439446
5.94914721746197126550483704227987691642569239513040800450297974723625061618669381	0.00000000000000021248851941314811933489542282486171125271890754970522508549844496
6.46952003652403113588668747924529968834727226161198133168711605170672041304384570	0.00000000000000000036247269512444094871734144159162061335943537647319691724182535
7.04971385577822941732785081883954976039852546539722602057282656959536662414947624	0.00000000000000000000016249853271916728864367058319574727489097411602289157816802
7.74688224964945601659636433971371784192008357971827411695943180909571190645509481	0.00000000000000000000000000693508355058380664729213906115189206615377369122718752

