38
-7.86576280338004109702616816507163847364589269070446207778782084020919358975891879	0.00000000000000000000000000107871888207409649185744699043026201043904994436554758
-7.17203393532003089106746864849275459494797169226715670258030282474616112545545378	0.00000000000000000000002838738753209447443190096203036584115144588174208306910175
-6.59489132726549380910652604217609559958614481425893963193445931507635500347851561	0.00000000000000000007007843330558551921148317215388201067344984453584758223982770
-6.07741600353756066754140634590056279435494762993549609889579450534449664722111766	0.00000000000000004517371223604767369991929422466838642968022749013715122186194388
-5.59789351418467836440977879853768407916875901340356552849176180358504488913769485	0.00000000000001142861675025682207987212086554871517501533498432905768720893104556
-5.14512932074082298340041909569117218868003333788253888594123087146820503171261225	0.00000000000140763334384524506524405578089480535783695102889076756443209663556342
-4.71239213208488771147431916719645262704277199168471387238993818626076849703610591	0.00000000009627029292605418368370585267940051774292670895395899386702955597702581
-4.29522541974960531174190948625118377122801768787862407701796374607543356008812088	0.00000000399065288568891589895621303795241263501037234658054624015071705196380732
-3.89047376096334066285388858300381482698991454205893453569838079539925828852363157	0.00000010665865704409181410182689390584060894140277319708751330464383189601171934
-3.49578745483562656503923247912887576450161372350528868094862972695355826151561529	0.00000192346568673238708625078268519667660621783559107170528278577332543240303899
-3.10934531171794211499886885069533838491187856801569679195851511032546437585576201	0.00002422341512093520936578861405967998788567036609164680597870196389503715693753
-2.72968796288832555319077697146759317741961305992480022463906556555428923099043271	0.00021875759533939060362895331123649386819457650998796831594595105845325880396846
-2.35561173303550839678756752500633790273300475727678809075235424079120259803525374	0.00144630712156269958569827443803715654691923012112349087903652681100785819049261
-1.98609777803906585885142142501223832727126137697943742743622440314335495908412171	0.00711523682613400933335690579704980330802386090166766312676213200689953862837370
-1.62026275563301429016843300340026948582455329885433546142698591130994357737012108	0.02638053352048685945189076446977633398014009749112947340312085173045589530445282
-1.25732313170071342404718322383807374608489835753175055880515602164224829522950428	0.07444398336823875049084732172562260146769564194337804849667980893444142070197236
-0.89656834619313602872871728008860285969142251426046406876349514406668542846676710	0.16108797149548096694307887897464752354592660307012714318111070993778606402235707
-0.53733981087098349820428662172303219694869428403798537709267735501183650663618973	0.26872376002892755757593678693432425174377981220189492747604460863494142109355982
-0.17901372329587749553294097571687503955108800491237376076923638931183833874664796	0.34678411786878078215699507244948663022011477974937211510595739179776107493478037
0.17901372329587749553294097571687503955108800491237376076923638931183833874664796	0.34678411786878078215699507244948663022011477974937211510595739179776107493478037
0.53733981087098349820428662172303219694869428403798537709267735501183650663618973	0.26872376002892755757593678693432425174377981220189492747604460863494142109355982
0.89656834619313602872871728008860285969142251426046406876349514406668542846676710	0.16108797149548096694307887897464752354592660307012714318111070993778606402235707
1.25732313170071342404718322383807374608489835753175055880515602164224829522950428	0.07444398336823875049084732172562260146769564194337804849667980893444142070197236
1.62026275563301429016843300340026948582455329885433546142698591130994357737012108	0.02638053352048685945189076446977633398014009749112947340312085173045589530445282
1.98609777803906585885142142501223832727126137697943742743622440314335495908412171	0.00711523682613400933335690579704980330802386090166766312676213200689953862837370
2.35561173303550839678756752500633790273300475727678809075235424079120259803525374	0.00144630712156269958569827443803715654691923012112349087903652681100785819049261
2.72968796288832555319077697146759317741961305992480022463906556555428923099043271	0.00021875759533939060362895331123649386819457650998796831594595105845325880396846
3.10934531171794211499886885069533838491187856801569679195851511032546437585576201	0.00002422341512093520936578861405967998788567036609164680597870196389503715693753
3.49578745483562656503923247912887576450161372350528868094862972695355826151561529	0.00000192346568673238708625078268519667660621783559107170528278577332543240303899
3.89047376096334066285388858300381482698991454205893453569838079539925828852363157	0.00000010665865704409181410182689390584060894140277319708751330464383189601171934
4.29522541974960531174190948625118377122801768787862407701796374607543356008812088	0.00000000399065288568891589895621303795241263501037234658054624015071705196380732
4.71239213208488771147431916719645262704277199168471387238993818626076849703610591	0.00000000009627029292605418368370585267940051774292670895395899386702955597702581
5.14512932074082298340041909569117218868003333788253888594123087146820503171261225	0.00000000000140763334384524506524405578089480535783695102889076756443209663556342
5.59789351418467836440977879853768407916875901340356552849176180358504488913769485	0.00000000000001142861675025682207987212086554871517501533498432905768720893104556
6.07741600353756066754140634590056279435494762993549609889579450534449664722111766	0.00000000000000004517371223604767369991929422466838642968022749013715122186194388
6.59489132726549380910652604217609559958614481425893963193445931507635500347851561	0.00000000000000000007007843330558551921148317215388201067344984453584758223982770
7.17203393532003089106746864849275459494797169226715670258030282474616112545545378	0.00000000000000000000002838738753209447443190096203036584115144588174208306910175
7.86576280338004109702616816507163847364589269070446207778782084020919358975891879	0.00000000000000000000000000107871888207409649185744699043026201043904994436554758

