39
-7.98303477271978138218573039258286408469803817750186359440248373270630711736022714	0.00000000000000000000000000016737892457498354950304512601438499144889693970132602
-7.29263367086572116840474226062471741325023612670510371857594796302474030238049529	0.00000000000000000000000493590733759048770928322372270262133723874793398966029813
-6.71843850644409250586343729281565493336721077338741107264487910621507709805802373	0.00000000000000000001345726820134340780742551879646358328071628859902824663475936
-6.20375799772810954976928145535681649705927105585766260665070270948284930747940551	0.00000000000000000951932048211619635832977722317406691139327127164386135103174966
-5.72696545178210515403524003066854539159164285224774096228501517329238497552462935	0.00000000000000263409611072244223617721698718610514721687787718173059130727618858
-5.27691331523042647871301731904727366538383997525291198870613564099878100399879983	0.00000000000035426508019791301687226255960514697278270885854421313527924171717186
-4.84690056874352584141516138316250721708473918608309567413221456718583782905662986	0.00000000002644004876992991317445884383948482276110123643427862325024116998834645
-4.43249288259303724912462249662246724629347852959760459655523870329460405260142026	0.00000000119616642376676297951829418356674954914131385328192274679582960157527037
-4.03055281460246803718657539983945515779991072414825341683854171095884867614924141	0.00000003491508843910828491768264938987177562105067263339668247194770913003424882
-3.63874642487453639552766814351002386597396302573663636962698594001745362561682733	0.00000068844204093401176108516950154578603616023151257864036370544093977980841049
-3.25526723599222943746298025898433187939510155784900070875712275048442927187499584	0.00000949429953614186718399540306230383289199519203394486658029134002340947220937
-2.87867031137495481922659289171425813539532491135493195322714752923314700910787048	0.00009407727946767255191262012700234971760158947396009509845282312643997758256961
-2.50776669389131944041963928128327230384193429003949381989438209816351995455945395	0.00068405759521855634388693919914556752574497550535918144425857930081882851042726
-2.14155301198688004248199017467508158923305031866324214694308050959281266436881353	0.00371123023171415415123968514511901315576544309944138454880133885689175801616115
-1.77916258285431349314787383132352078388483436997449065978031043575021488986309498	0.01522198083728940922736258242703367401619259519189303048370733176672291434883596
-1.41983015768573570274008914682058166944593521649801834393010524136354964299411117	0.04769007133163529286657461224190906867198997474990411122830204374491705301091692
-1.06286556728117870220879131087123902353624349105435086945625873976947001293429644	0.11503504579976959016619217780061342499082029141080164727241825795216603268002711
-0.70763327334857228423635084993417058910984538078301471179796070839182492506254596	0.21489607677746459850257607696859635350146216996140318966298671212219378589398699
-0.35353584699632932909545929269588159352065871329149066730673274607346632443793319	0.31216284886717012943571803780345538395354346630598914800704146538582164017484615
0.00000000000000000000000000000000000000000000000000000000000000000000000000000000	0.35344263570679942834121359431673353598445633242115856138995263718029897035553169
0.35353584699632932909545929269588159352065871329149066730673274607346632443793319	0.31216284886717012943571803780345538395354346630598914800704146538582164017484615
0.70763327334857228423635084993417058910984538078301471179796070839182492506254596	0.21489607677746459850257607696859635350146216996140318966298671212219378589398699
1.06286556728117870220879131087123902353624349105435086945625873976947001293429644	0.11503504579976959016619217780061342499082029141080164727241825795216603268002711
1.41983015768573570274008914682058166944593521649801834393010524136354964299411117	0.04769007133163529286657461224190906867198997474990411122830204374491705301091692
1.77916258285431349314787383132352078388483436997449065978031043575021488986309498	0.01522198083728940922736258242703367401619259519189303048370733176672291434883596
2.14155301198688004248199017467508158923305031866324214694308050959281266436881353	0.00371123023171415415123968514511901315576544309944138454880133885689175801616115
2.50776669389131944041963928128327230384193429003949381989438209816351995455945395	0.00068405759521855634388693919914556752574497550535918144425857930081882851042726
2.87867031137495481922659289171425813539532491135493195322714752923314700910787048	0.00009407727946767255191262012700234971760158947396009509845282312643997758256961
3.25526723599222943746298025898433187939510155784900070875712275048442927187499584	0.00000949429953614186718399540306230383289199519203394486658029134002340947220937
3.63874642487453639552766814351002386597396302573663636962698594001745362561682733	0.00000068844204093401176108516950154578603616023151257864036370544093977980841049
4.03055281460246803718657539983945515779991072414825341683854171095884867614924141	0.00000003491508843910828491768264938987177562105067263339668247194770913003424882
4.43249288259303724912462249662246724629347852959760459655523870329460405260142026	0.00000000119616642376676297951829418356674954914131385328192274679582960157527037
4.84690056874352584141516138316250721708473918608309567413221456718583782905662986	0.00000000002644004876992991317445884383948482276110123643427862325024116998834645
5.27691331523042647871301731904727366538383997525291198870613564099878100399879983	0.00000000000035426508019791301687226255960514697278270885854421313527924171717186
5.72696545178210515403524003066854539159164285224774096228501517329238497552462935	0.00000000000000263409611072244223617721698718610514721687787718173059130727618858
6.20375799772810954976928145535681649705927105585766260665070270948284930747940551	0.00000000000000000951932048211619635832977722317406691139327127164386135103174966
6.71843850644409250586343729281565493336721077338741107264487910621507709805802373	0.00000000000000000001345726820134340780742551879646358328071628859902824663475936
7.29263367086572116840474226062471741325023612670510371857594796302474030238049529	0.00000000000000000000000493590733759048770928322372270262133723874793398966029813
7.98303477271978138218573039258286408469803817750186359440248373270630711736022714	0.00000000000000000000000000016737892457498354950304512601438499144889693970132602

