40
-8.09876113925085005201263636963053620315987855841109551979977896460016190804539888	0.00000000000000000000000000002591043713847081473502202738932211556419467834023557
-7.41158253148546880943930043466061378385175488597657855827776498867374119568970184	0.00000000000000000000000085440569637755107738826857848914165201624343547471102253
-6.84023730524935541784582391383440485418447766156762865893579896695784843612517834	0.00000000000000000000256759336541166966049263372752493897007456466326711515301486
-6.32825535122008195565699109076606840388337698299794346152936583779776008458029381	0.00000000000000000198918101211650248561755255866368966185889169218188871079569429
-5.85409505603040010804270558832675192922161875605870437833609636474559489863813856	0.00000000000000060083587894908166903066292553669869340087996361209737346231499737
-5.40665424797012760840017398075306327568227438663195067225840878973378039594793280	0.00000000000008805707645216132256620691724389995292866177518006268360302315836437
-4.97926097854525587162651822961826382364295809035871605734339684864459174816951661	0.00000000000715652805269031870836399682531363695568857556157478254249004036976077
-4.56750207284439485516948229357793817485484348987198966345978826197070099095214578	0.00000000035256207913654119029152977838676436062407914318202887779033558226325306
-4.16825706683250020153649232073598042278279765739061192256228908141964529589502413	0.00000001121236083227581017451662984830433575905758481639183439802263985698844926
-3.77920675343522349311935611584292761849019942104940710042325846562802726935537442	0.00000024111441636705234417851078219022551410106449260058175653358495692135190096
-3.39855826585962834629378625969827876199770265210784955349861767354815377750516855	0.00000363157615069302351184230618965423119632519956856258455208445263523800036988
-3.02487988390128443767704932534178426690832711796304095134294566501205515879646876	0.00003936933981092492770430830170086580594965020358840986660564696679526083821945
-2.65699599844289579498084710068269699835184444871542390006824913788601546648242410	0.00031385359454133147564684012153786128509903088478233303608398860757672795833332
-2.29391714187508342188504956452768287511859353916954052108907626197018577551623480	0.00187149682959795277948386234305910629011243159353420875586674886915058548067656
-1.93479147228229579329793706522099826762350657758048800217850303230184773110579262	0.00846088800825813243994087329598569764878484013340405425491041977859558001046967
-1.57886989493161388625845128146874150711549932349488153498458322104230383234736147	0.02931256553617236984568205269556622956914788478936251545821739153848227117068162
-1.22548010904628903094908638304603856181659766269061741964844317139156830669801108	0.07847460586540439130889023815448589551626860303121793061951602587945921508996441
-0.87400661235708807743789879817524989268743615719010939173616850579312534131563597	0.16337873271327145708151778279569265213220746567999163089428642289483762428617474
-0.52387471383227719261491711165465674591655953342784772542015299511719221412102927	0.26572825187737707614281086230016011938163938004834056023611135288253289217197475
-0.17453721459758238348945068835884531872903974795420091066018289525493008147079815	0.33864327742558921820242864701113248824867842674912104266847515768220538184195864
0.17453721459758238348945068835884531872903974795420091066018289525493008147079815	0.33864327742558921820242864701113248824867842674912104266847515768220538184195864
0.52387471383227719261491711165465674591655953342784772542015299511719221412102927	0.26572825187737707614281086230016011938163938004834056023611135288253289217197475
0.87400661235708807743789879817524989268743615719010939173616850579312534131563597	0.16337873271327145708151778279569265213220746567999163089428642289483762428617474
1.22548010904628903094908638304603856181659766269061741964844317139156830669801108	0.07847460586540439130889023815448589551626860303121793061951602587945921508996441
1.57886989493161388625845128146874150711549932349488153498458322104230383234736147	0.02931256553617236984568205269556622956914788478936251545821739153848227117068162
1.93479147228229579329793706522099826762350657758048800217850303230184773110579262	0.00846088800825813243994087329598569764878484013340405425491041977859558001046967
2.29391714187508342188504956452768287511859353916954052108907626197018577551623480	0.00187149682959795277948386234305910629011243159353420875586674886915058548067656
2.65699599844289579498084710068269699835184444871542390006824913788601546648242410	0.00031385359454133147564684012153786128509903088478233303608398860757672795833332
3.02487988390128443767704932534178426690832711796304095134294566501205515879646876	0.00003936933981092492770430830170086580594965020358840986660564696679526083821945
3.39855826585962834629378625969827876199770265210784955349861767354815377750516855	0.00000363157615069302351184230618965423119632519956856258455208445263523800036988
3.77920675343522349311935611584292761849019942104940710042325846562802726935537442	0.00000024111441636705234417851078219022551410106449260058175653358495692135190096
4.16825706683250020153649232073598042278279765739061192256228908141964529589502413	0.00000001121236083227581017451662984830433575905758481639183439802263985698844926
4.56750207284439485516948229357793817485484348987198966345978826197070099095214578	0.00000000035256207913654119029152977838676436062407914318202887779033558226325306
4.97926097854525587162651822961826382364295809035871605734339684864459174816951661	0.00000000000715652805269031870836399682531363695568857556157478254249004036976077
5.40665424797012760840017398075306327568227438663195067225840878973378039594793280	0.00000000000008805707645216132256620691724389995292866177518006268360302315836437
5.85409505603040010804270558832675192922161875605870437833609636474559489863813856	0.00000000000000060083587894908166903066292553669869340087996361209737346231499737
6.32825535122008195565699109076606840388337698299794346152936583779776008458029381	0.00000000000000000198918101211650248561755255866368966185889169218188871079569429
6.84023730524935541784582391383440485418447766156762865893579896695784843612517834	0.00000000000000000000256759336541166966049263372752493897007456466326711515301486
7.41158253148546880943930043466061378385175488597657855827776498867374119568970184	0.00000000000000000000000085440569637755107738826857848914165201624343547471102253
8.09876113925085005201263636963053620315987855841109551979977896460016190804539888	0.00000000000000000000000000002591043713847081473502202738932211556419467834023557

