41
-8.21300089559828051345852575313600843019799653633861951604335791065777093586590839	0.00000000000000000000000000000400195966466647986287742009758134208851545264793701
-7.52894546453962093713210440953832538246056597959430570845234281476139761489517725	0.00000000000000000000000014726537286520630799494676705534797174497085565044194394
-6.96035840063674936738610578256990328447587954193159616207454741806353028764501804	0.00000000000000000000048687379360129154274894449784180050034835228291665504298438
-6.45098459717475325937348814939694829503677922013076859025502949822543967662267570	0.00000000000000000041234085375314973539368221343118925697309675953079012259229721
-5.97936500416513373241148910764147649666709426598934299727104393545510725103393535	0.00000000000000013569875295861107706593117227916230675344318551864966152830175786
-5.53444134061344596657126144475346470456470434043015844647974676879614579857279865	0.00000000000002162987247175024031516787512001057438220931198938612012013939177722
-5.10956962653313409568116728746858949710092208273108231446936472085792654618033901	0.00000000000191038336468091814750051222714302602708881517507294450537234493482468
-4.70035689630411612972787079658455518679510594263631564122184210969991910355054010	0.00000000010226798927782287383908374311840948899486951304234022182221602150981786
-4.30369876715465040823276074023297332475801766262118762927766869218202954622088846	0.00000000353568164838068774257085791742647322699265144507069535544184260658508013
-3.91728985483778223963450864137911856879999317175344110644420237216785999173842067	0.00000008272658418749822803806430219475364974289943814856288201640980236956631348
-3.53934993736371160387968338130296235062846594674788174236004717629128749364380316	0.00000135737814048708046024340858110693550910356008586174512153458642896074199800
-3.16845945394198557879200156540520764920057745494605012023182361959297766433342918	0.00001605596573667724718252025164718386083022027810812472825800417608997794719082
-2.80345496148431867710783764397585964574245781501598376403437145427007032892430083	0.00013993025659674165615244819936394735248106108873509140821975054974032750560976
-2.44335955312341127598319968360183291334760166820472572914400075184839501565652289	0.00091423425632870777608961666895061488185378688024496433884062547809605273028209
-2.08733468191872446062377854122347107129499119126522845248068512933569264137542536	0.00454039298730327078569449621302945399615099592870647371305927561288065898616671
-1.73464560882202928445155434794403953399888235614797780666355210773616511519453339	0.01733088136211682719803217178500718334751633837376947739898257682292763105961513
-1.38463578916003256963875955963897674649119585081557619463485229218945068807264590	0.05128987239709468506824512872850161978350786893371635606466315720650739078967780
-1.03670725292420600567313440657896881874813049840874991813098431941607655301270901	0.11848439124684408212215229156633086434304669940547116454035618095355730327720647
-0.69030505233020809049181041533524272154947010715736224521559312693445877709168792	0.21473086449008445376432689193311968896456995005997464915797364514171752748210264
-0.34490446301543276188160539945245372392331982277249965239388096324725463727742042	0.30636781693785126335200085256983528650883464620142822183263006980553937424603940
0.00000000000000000000000000000000000000000000000000000000000000000000000000000000	0.34482208361638968618654984811388637657020129992308152330727086554175509302978701
0.34490446301543276188160539945245372392331982277249965239388096324725463727742042	0.30636781693785126335200085256983528650883464620142822183263006980553937424603940
0.69030505233020809049181041533524272154947010715736224521559312693445877709168792	0.21473086449008445376432689193311968896456995005997464915797364514171752748210264
1.03670725292420600567313440657896881874813049840874991813098431941607655301270901	0.11848439124684408212215229156633086434304669940547116454035618095355730327720647
1.38463578916003256963875955963897674649119585081557619463485229218945068807264590	0.05128987239709468506824512872850161978350786893371635606466315720650739078967780
1.73464560882202928445155434794403953399888235614797780666355210773616511519453339	0.01733088136211682719803217178500718334751633837376947739898257682292763105961513
2.08733468191872446062377854122347107129499119126522845248068512933569264137542536	0.00454039298730327078569449621302945399615099592870647371305927561288065898616671
2.44335955312341127598319968360183291334760166820472572914400075184839501565652289	0.00091423425632870777608961666895061488185378688024496433884062547809605273028209
2.80345496148431867710783764397585964574245781501598376403437145427007032892430083	0.00013993025659674165615244819936394735248106108873509140821975054974032750560976
3.16845945394198557879200156540520764920057745494605012023182361959297766433342918	0.00001605596573667724718252025164718386083022027810812472825800417608997794719082
3.53934993736371160387968338130296235062846594674788174236004717629128749364380316	0.00000135737814048708046024340858110693550910356008586174512153458642896074199800
3.91728985483778223963450864137911856879999317175344110644420237216785999173842067	0.00000008272658418749822803806430219475364974289943814856288201640980236956631348
4.30369876715465040823276074023297332475801766262118762927766869218202954622088846	0.00000000353568164838068774257085791742647322699265144507069535544184260658508013
4.70035689630411612972787079658455518679510594263631564122184210969991910355054010	0.00000000010226798927782287383908374311840948899486951304234022182221602150981786
5.10956962653313409568116728746858949710092208273108231446936472085792654618033901	0.00000000000191038336468091814750051222714302602708881517507294450537234493482468
5.53444134061344596657126144475346470456470434043015844647974676879614579857279865	0.00000000000002162987247175024031516787512001057438220931198938612012013939177722
5.97936500416513373241148910764147649666709426598934299727104393545510725103393535	0.00000000000000013569875295861107706593117227916230675344318551864966152830175786
6.45098459717475325937348814939694829503677922013076859025502949822543967662267570	0.00000000000000000041234085375314973539368221343118925697309675953079012259229721
6.96035840063674936738610578256990328447587954193159616207454741806353028764501804	0.00000000000000000000048687379360129154274894449784180050034835228291665504298438
7.52894546453962093713210440953832538246056597959430570845234281476139761489517725	0.00000000000000000000000014726537286520630799494676705534797174497085565044194394
8.21300089559828051345852575313600843019799653633861951604335791065777093586590839	0.00000000000000000000000000000400195966466647986287742009758134208851545264793701

