42
-8.32580938956693121628805730727880997171660017693342796658548791692396277405115923	0.00000000000000000000000000000061678589258107142561161215979104203020212794499293
-7.64478329570474185932532036743856518841839372447755683216034832918459726393602838	0.00000000000000000000000002527869864053565993267760704068630190224553994203014571
-7.07886787304910872192124640337230246364209951710922092851873163736191612573367409	0.00000000000000000000009177890695692407650827026929119167034532906371443210374147
-6.57201717138747510262202347074166900226082653110158428248364457648275511733630076	0.00000000000000000008482152080086276918604524113672485289226860355980437064455134
-6.10285233438152662138903407666410574450214081621453353491106978231398598350466213	0.00000000000000003035890347810717763516595138715993098386006566803527241848571918
-5.66035758128305769874718716514462967629491722509517483024875809870031264951959762	0.00000000000000525333771556856110137032399634854848093155640499156639239309447471
-5.23791588501764993059271869398323577185520439554533323038445566470257672563176651	0.00000000000050327055821840305970752246295837469387588356073950950282944427492649
-4.83115362912827596626836552599625787262098638558749571745798771595151931570050570	0.00000000002921728837233356946630189243789805964752702685781271515759376957154121
-4.43698170588103096069943524450469956847384245647302187269994899541159276889985727	0.00000000109580522880784158622808013308801998375085825312472415436841028729702045
-4.05310774442476700061561403937202653649271311744446141355734465400026765071399846	0.00000002783471526549075644425298059575704605286939676592033631435202234527750060
-3.67776331638855687640713372940101274402256980581011462903293617687712830461899404	0.00000049636593935798352757612528829688940840774219406785805830062400223143224721
-3.30954009651092198803981344351518286148716988799849944258542741814937496044401340	0.00000639024596773542689461636481635016398563175308888641390275504601411817261497
-2.94728578230547923373846678570608464396724649157471747408540149837396034728595867	0.00006071962107788335120763028656353354179382191550567288125884775281002020168911
-2.59003487061712646057526117383647331222109738911432366186028184937943178605099292	0.00043341227172125499947138249138275097519636452010774000212816969365210348419196
-2.23696078705431805168987950384425710061178835207976790659308220547964277775015675	0.00235716139459631447180944567239662511698577751508319628532642869594106823901956
-1.88734162054348482036089572505903314778607514253606855556629824111435921929533184	0.00987952405318850910393322549886768218457809086193907083889048129521742052410122
-1.54053480091554589596711037688757916220674744634954269789808329333313245483378008	0.03220210128890782981979079340576526866167457511645412902740691459565121400476910
-1.19595779437780983597917016255377313889259017302418346539410703383799534943209831	0.08221126930329376898710932750917069522922131973780069168961668155894822897086788
-0.85307290916055371804650012428937194048798426707332351762264569354036742720351595	0.16528800127466746071253178574049619522921744664906422234406704243907893386552349
-0.51137491831546934945091845841210342019282698746467903829527774186015007806721619	0.26273890678229476437946400619533952621906076396384987930162739089293335428930488
-0.17038058556181697307402522711758833005699700998192617417020448916361475741103784	0.33104891389085679740266157771800139826098780610680146517583065245042541838657260
0.17038058556181697307402522711758833005699700998192617417020448916361475741103784	0.33104891389085679740266157771800139826098780610680146517583065245042541838657260
0.51137491831546934945091845841210342019282698746467903829527774186015007806721619	0.26273890678229476437946400619533952621906076396384987930162739089293335428930488
0.85307290916055371804650012428937194048798426707332351762264569354036742720351595	0.16528800127466746071253178574049619522921744664906422234406704243907893386552349
1.19595779437780983597917016255377313889259017302418346539410703383799534943209831	0.08221126930329376898710932750917069522922131973780069168961668155894822897086788
1.54053480091554589596711037688757916220674744634954269789808329333313245483378008	0.03220210128890782981979079340576526866167457511645412902740691459565121400476910
1.88734162054348482036089572505903314778607514253606855556629824111435921929533184	0.00987952405318850910393322549886768218457809086193907083889048129521742052410122
2.23696078705431805168987950384425710061178835207976790659308220547964277775015675	0.00235716139459631447180944567239662511698577751508319628532642869594106823901956
2.59003487061712646057526117383647331222109738911432366186028184937943178605099292	0.00043341227172125499947138249138275097519636452010774000212816969365210348419196
2.94728578230547923373846678570608464396724649157471747408540149837396034728595867	0.00006071962107788335120763028656353354179382191550567288125884775281002020168911
3.30954009651092198803981344351518286148716988799849944258542741814937496044401340	0.00000639024596773542689461636481635016398563175308888641390275504601411817261497
3.67776331638855687640713372940101274402256980581011462903293617687712830461899404	0.00000049636593935798352757612528829688940840774219406785805830062400223143224721
4.05310774442476700061561403937202653649271311744446141355734465400026765071399846	0.00000002783471526549075644425298059575704605286939676592033631435202234527750060
4.43698170588103096069943524450469956847384245647302187269994899541159276889985727	0.00000000109580522880784158622808013308801998375085825312472415436841028729702045
4.83115362912827596626836552599625787262098638558749571745798771595151931570050570	0.00000000002921728837233356946630189243789805964752702685781271515759376957154121
5.23791588501764993059271869398323577185520439554533323038445566470257672563176651	0.00000000000050327055821840305970752246295837469387588356073950950282944427492649
5.66035758128305769874718716514462967629491722509517483024875809870031264951959762	0.00000000000000525333771556856110137032399634854848093155640499156639239309447471
6.10285233438152662138903407666410574450214081621453353491106978231398598350466213	0.00000000000000003035890347810717763516595138715993098386006566803527241848571918
6.57201717138747510262202347074166900226082653110158428248364457648275511733630076	0.00000000000000000008482152080086276918604524113672485289226860355980437064455134
7.07886787304910872192124640337230246364209951710922092851873163736191612573367409	0.00000000000000000000009177890695692407650827026929119167034532906371443210374147
7.64478329570474185932532036743856518841839372447755683216034832918459726393602838	0.00000000000000000000000002527869864053565993267760704068630190224553994203014571
8.32580938956693121628805730727880997171660017693342796658548791692396277405115923	0.00000000000000000000000000000061678589258107142561161215979104203020212794499293

