43
-8.43723863108337628369222288334463847368558669111669547332366377556715422988842855	0.00000000000000000000000000000009486306341256438437810385885527548114106897656204
-7.75915308473253404076404640578823391679157557093163708011867815766350205517135947	0.00000000000000000000000000432214605993392410026942912798051430724344937648596073
-7.19582761234643424989813010240237281376244863279003938233481585041407370109804121	0.00000000000000000000001720336826028200371122371144655833475163319289811235651176
-6.69141987271210774728200583225424810492153112368369744579400025248712552855057546	0.00000000000000000001732075379091333685311817785341926078639688828031263342164011
-6.22462896689422068542218889731261103497195553531992751860608701708942837427562794	0.00000000000000000673081170324274456381697758088643626558767019262288348454079627
-5.78448031407755716399718553302799392025572006597084242572370057380865673887279965	0.00000000000000126220322097581856629914982192510816366765647012914232628622014775
-5.36438290115155668205298322252425512627502831918780725753988534262512197723863222	0.00000000000013092104166584777505204177302219713992332281234372242584904391997187
-4.95998167519495531420709464614455460336519621928590653517265786354884389182046931	0.00000000000822710612081649242284104389458927326337051832546033898979616300765096
-4.56820207554415534908641938824668816340292900582813491773914317082847006264824547	0.00000000033407179153175593902083319366060461446898813821688782041364605990578555
-4.18676402136600292176179991143707395962871825330878608716357362615508768766487645	0.00000000919319606754042394419137020985060034480386566920777571560486628609401590
-3.81391012406542740728598025695453682138848769599283773617156922378307099781995222	0.00000017777830445479700960853034446377030522405670680105714384154253929671981633
-3.44824248222000310185762254973209772623526014996480284651570991316738302510914943	0.00000248513774241152723757889355772783095725266915368637191915277771682275163905
-3.08861903960041871488588553593514905256157133980886695410997704590287548051447825	0.00002568057307705665995939501175472538595268981781928521482844032487853274079127
-2.73408469453790503895375934879639110663729730894800688648320219570421560307074004	0.00019972435671322895564234702373229282565309988778232527170377679779791230986610
-2.38382370728435981236290020866554089621586583680508261679278176268840991605774985	0.00118607009276742408774696704511136410530259258154027903507429230672509275711025
-2.03712568886419357685039644485865727768356757200298845238435426721959696310574528	0.00544145529324181689601057015880693281965568713429772273743727624662477427808016
-1.69336053093990986516521904388842870646958159789022128875716433345914302448687954	0.01946816015110170556196576587823317643292035010551506854785580327189535078517272
-1.35195936867087037147195771594123203083524406742903549624675139536170613701802589	0.05472480908187485439217249039228367988406600223466301116711906570334322217268190
-1.01239968456331979640327545532923000921376775735939031851949387863799335654152655	0.12156737988638807455734971777694124744615439572128945043526200286360604747819553
-0.67419327674231391411566809480852677499462892458203193477241904443315802445333111	0.21434349700188368301296925092182996492899639405006530759323644197800049905468070
-0.33687619662553302459285723545713451323950123486233641038559276474519011634564018	0.30086599386765978964481167886674549620218654260166762206046084338181406576900830
0.00000000000000000000000000000000000000000000000000000000000000000000000000000000	0.33680296539275271674035101443681925153368499062254474369547386866869102109886173
0.33687619662553302459285723545713451323950123486233641038559276474519011634564018	0.30086599386765978964481167886674549620218654260166762206046084338181406576900830
0.67419327674231391411566809480852677499462892458203193477241904443315802445333111	0.21434349700188368301296925092182996492899639405006530759323644197800049905468070
1.01239968456331979640327545532923000921376775735939031851949387863799335654152655	0.12156737988638807455734971777694124744615439572128945043526200286360604747819553
1.35195936867087037147195771594123203083524406742903549624675139536170613701802589	0.05472480908187485439217249039228367988406600223466301116711906570334322217268190
1.69336053093990986516521904388842870646958159789022128875716433345914302448687954	0.01946816015110170556196576587823317643292035010551506854785580327189535078517272
2.03712568886419357685039644485865727768356757200298845238435426721959696310574528	0.00544145529324181689601057015880693281965568713429772273743727624662477427808016
2.38382370728435981236290020866554089621586583680508261679278176268840991605774985	0.00118607009276742408774696704511136410530259258154027903507429230672509275711025
2.73408469453790503895375934879639110663729730894800688648320219570421560307074004	0.00019972435671322895564234702373229282565309988778232527170377679779791230986610
3.08861903960041871488588553593514905256157133980886695410997704590287548051447825	0.00002568057307705665995939501175472538595268981781928521482844032487853274079127
3.44824248222000310185762254973209772623526014996480284651570991316738302510914943	0.00000248513774241152723757889355772783095725266915368637191915277771682275163905
3.81391012406542740728598025695453682138848769599283773617156922378307099781995222	0.00000017777830445479700960853034446377030522405670680105714384154253929671981633
4.18676402136600292176179991143707395962871825330878608716357362615508768766487645	0.00000000919319606754042394419137020985060034480386566920777571560486628609401590
4.56820207554415534908641938824668816340292900582813491773914317082847006264824547	0.00000000033407179153175593902083319366060461446898813821688782041364605990578555
4.95998167519495531420709464614455460336519621928590653517265786354884389182046931	0.00000000000822710612081649242284104389458927326337051832546033898979616300765096
5.36438290115155668205298322252425512627502831918780725753988534262512197723863222	0.00000000000013092104166584777505204177302219713992332281234372242584904391997187
5.78448031407755716399718553302799392025572006597084242572370057380865673887279965	0.00000000000000126220322097581856629914982192510816366765647012914232628622014775
6.22462896689422068542218889731261103497195553531992751860608701708942837427562794	0.00000000000000000673081170324274456381697758088643626558767019262288348454079627
6.69141987271210774728200583225424810492153112368369744579400025248712552855057546	0.00000000000000000001732075379091333685311817785341926078639688828031263342164011
7.19582761234643424989813010240237281376244863279003938233481585041407370109804121	0.00000000000000000000001720336826028200371122371144655833475163319289811235651176
7.75915308473253404076404640578823391679157557093163708011867815766350205517135947	0.00000000000000000000000000432214605993392410026942912798051430724344937648596073
8.43723863108337628369222288334463847368558669111669547332366377556715422988842855	0.00000000000000000000000000000009486306341256438437810385885527548114106897656204

