44
-8.54733756673553917191860649201621375910358358147046981529405431949843075464556365	0.00000000000000000000000000000001456115308176231894634392773893250833252161684525
-7.87210844277485142921368587041393906596795561930214278400263368427786844480438604	0.00000000000000000000000000073621261042971013039381317513114856924459720899008942
-7.31129567891633103246805052088022552806792206018766200858110809263271807712156097	0.00000000000000000000000320722169190500302562454237968398400260100279427358779531
-6.80925527153583281513798200607127165571633167303425750618938547346782270897619260	0.00000000000000000000351214495583651836236053223060678188067713208884971807861923
-6.34476216489689227022714948249720726717937556429660779097693764394354697526157051	0.00000000000000000147940997581716326503559916180083531397841904318185709138451078
-5.90688175902754628409085574174580257509448003208741865947898487502340756472621814	0.00000000000000030015214029808008167503192539505722712842567710019911579118920436
-5.48904818388074275468516598218169557767224732646291646458111328299860283871667721	0.00000000000003365035612792276751099457413348696848418936557931026225638484506267
-5.08692422975825328155717955447584492454244195810573281354823984010183293984380297	0.00000000000228480789712203444728853030298239399857887495285934952133507348284046
-4.69744922300143971943566555812686969523914737313281262917478749729072799615726330	0.00000000010026000778909169208223490513506760522380671854945256841748939664740601
-4.31835472344211260729636433910663714818247732284691506873612214747913173914122670	0.00000000298312101903962818240652916872558539649206799442567930178155397064491855
-3.94789371152465481316943072272901476904955241469789368659269877767234174783689036	0.00000006242724506281491560177247496476372878557045166831250668528744175986224554
-3.58467799310522839119212450841120911795046861915277092114420123287263916754544472	0.00000094545385422855718099613817352508192937623002148381783357399785204813516027
-3.22757497427742627852386983795379603098017392839275281550990112588353212305698278	0.00001060017177251767206941474960925551511065768452717363413470521084042722511700
-2.87563908217044208401742837158583581179329671922264412790256519998352962985518540	0.00008959797364061668860053979238653625500774161933150021404979761772748683296822
-2.52806442714766509690741447289469912217584995710394578375699240821122752851899966	0.00057942043271566377619046199925277422373951063772405137933347742358218009964600
-2.18415101956652626859373677977008408481725968527852274440084061174998132720256514	0.00290129377529662467645219982429591079063065601800813783039800629258976869097190
-1.84327992061761015639207012045158415449182032603767172010315514230155608826993799	0.01135786693906994574800009361629386301842756052352191702384631695753916982863305
-1.50489443448287154458352735505567064889730786989896512408746268144962890232934257	0.03503375710968708209884082978829222352227485204546678475135817300558774958927495
-1.16848546319020549805384832600566724057696572355347786839336747178156304206621930	0.08567018730024627990870725448770619429148011634570003847193035641096800083530852
-0.83357976100207343308802989429069789134549842667750655227592666820782159324058221	0.16686716582564604927365015255131443156415567768942755975844979275699721989676806
-0.49973020830067431851081801830929375814707439724357993822217559129068325662855154	0.25977339611588805302023943862026650383950437135311296769224922087300999056544159
-0.16650746707363238827938348922730434912424066420883980473052846878468108362063753	0.32394262884199610269720129981594227477931393331715407659957988088413841026668896
0.16650746707363238827938348922730434912424066420883980473052846878468108362063753	0.32394262884199610269720129981594227477931393331715407659957988088413841026668896
0.49973020830067431851081801830929375814707439724357993822217559129068325662855154	0.25977339611588805302023943862026650383950437135311296769224922087300999056544159
0.83357976100207343308802989429069789134549842667750655227592666820782159324058221	0.16686716582564604927365015255131443156415567768942755975844979275699721989676806
1.16848546319020549805384832600566724057696572355347786839336747178156304206621930	0.08567018730024627990870725448770619429148011634570003847193035641096800083530852
1.50489443448287154458352735505567064889730786989896512408746268144962890232934257	0.03503375710968708209884082978829222352227485204546678475135817300558774958927495
1.84327992061761015639207012045158415449182032603767172010315514230155608826993799	0.01135786693906994574800009361629386301842756052352191702384631695753916982863305
2.18415101956652626859373677977008408481725968527852274440084061174998132720256514	0.00290129377529662467645219982429591079063065601800813783039800629258976869097190
2.52806442714766509690741447289469912217584995710394578375699240821122752851899966	0.00057942043271566377619046199925277422373951063772405137933347742358218009964600
2.87563908217044208401742837158583581179329671922264412790256519998352962985518540	0.00008959797364061668860053979238653625500774161933150021404979761772748683296822
3.22757497427742627852386983795379603098017392839275281550990112588353212305698278	0.00001060017177251767206941474960925551511065768452717363413470521084042722511700
3.58467799310522839119212450841120911795046861915277092114420123287263916754544472	0.00000094545385422855718099613817352508192937623002148381783357399785204813516027
3.94789371152465481316943072272901476904955241469789368659269877767234174783689036	0.00000006242724506281491560177247496476372878557045166831250668528744175986224554
4.31835472344211260729636433910663714818247732284691506873612214747913173914122670	0.00000000298312101903962818240652916872558539649206799442567930178155397064491855
4.69744922300143971943566555812686969523914737313281262917478749729072799615726330	0.00000000010026000778909169208223490513506760522380671854945256841748939664740601
5.08692422975825328155717955447584492454244195810573281354823984010183293984380297	0.00000000000228480789712203444728853030298239399857887495285934952133507348284046
5.48904818388074275468516598218169557767224732646291646458111328299860283871667721	0.00000000000003365035612792276751099457413348696848418936557931026225638484506267
5.90688175902754628409085574174580257509448003208741865947898487502340756472621814	0.00000000000000030015214029808008167503192539505722712842567710019911579118920436
6.34476216489689227022714948249720726717937556429660779097693764394354697526157051	0.00000000000000000147940997581716326503559916180083531397841904318185709138451078
6.80925527153583281513798200607127165571633167303425750618938547346782270897619260	0.00000000000000000000351214495583651836236053223060678188067713208884971807861923
7.31129567891633103246805052088022552806792206018766200858110809263271807712156097	0.00000000000000000000000320722169190500302562454237968398400260100279427358779531
7.87210844277485142921368587041393906596795561930214278400263368427786844480438604	0.00000000000000000000000000073621261042971013039381317513114856924459720899008942
8.54733756673553917191860649201621375910358358147046981529405431949843075464556365	0.00000000000000000000000000000001456115308176231894634392773893250833252161684525

