45
-8.65615232599032776513484387682778045140673700590121105780214315504770993823859014	0.00000000000000000000000000000000223081266202639366778596425729084844671225988466
-7.98369981622200297191251709501238170708776873644820435288977995865993615279029273	0.00000000000000000000000000012494829120559896773639947076270950119010202756883504
-7.42532662585619493545198287583814350625497880192610240258636759252976862857392362	0.00000000000000000000000059481747159231718086255439374131130896316484374672855936
-6.92558207327759514895711902127382723366114242817790871498220362643457041293261870	0.00000000000000000000070737246502696397311650075322299421433907552789264566463806
-6.46331494366425378510474563714735976586330774221698549887839486623053222737357912	0.00000000000000000032248298707326505446556514190167439817219096262028682085724615
-6.02762947225369473039733038376458458596608778648780796310243046572617789954016991	0.00000000000000007067461915754289994115933412292914750561718428175374179921932644
-5.61198412183966510483941683714120279654102876233853210659590926443054775353969209	0.00000000000000855008746637029020168653744584945718933256597739112488746226181567
-5.21205886316200832711099203563366579123425000608956183826884101924446675882031593	0.00000000000062620383158353592351640334137187942974568231269837339582369321276017
-4.82480630870325788633479588891451291452843798622812846644616185025679794828411761	0.00000000002964204989315755175913624154478396957232012473811733726881324474266215
-4.44796907360193155090144971290313173603759681951602041385770089879645751372855402	0.00000000095182669412336584693818970515052034644626116215102290834053188746763592
-4.07980990792539345371347596123446508897931557402442725199809637804556136983964145	0.00000002151283907419444068261151132732842221899011009245872791347401425564021492
-3.71894968934156332883329649471354367955047010566223819900886712490912892294347980	0.00000035225192415065159481279538182583881879948952357214528436794358438308964670
-3.36426459585654032122377669844347538489030629491781569399502252249775122211914537	0.00000427545588639726473743850483773588782549223382296236439512963732050791203408
-3.01481781974922583681424275930627335358948170668844669890419500442663453489605061	0.00003918329544881950038906375015009186278026705372061206517229525185199580293148
-2.66981246525134630972873707907488566049620913572661866045532206902182735696313155	0.00027524242709953041398069203193691406096108687060817047957839234848147214224385
-2.32855797145318961651816320034114725589599445589887050223282042316547213294260244	0.00150012788292975799989171931980153716087361794836523692904968935878444176299292
-1.99044545864663844336609659661210706141082032064342598466119471506064000307545762	0.00640707065620401540081435847091863365523257503063627262501785427896798506429720
-1.65492911915479234207827295859117288740774614678173684406497427913066379181311221	0.02161764443376565725154195176574824014527700541363402966331043400735143742132492
-1.32151178563923116089965769433278644635142070713582656587361741457214308410966805	0.05799274663162872297321452149508788820930610505513069120909955102266431537910437
-0.98973342486571132626456398907321927275071194738481653387624789804570038798620749	0.12432050192893605963369686725296475828712144859560105482214469871766721631373288
-0.65916168887413517200547611928564107150780496090568227948946290391929895442030038	0.21377487850201806522943548814021203444447860564627514644074742687078126597348390
-0.32938389969666915384226159530616381239985579500108125133944445875752176188734897	0.29563565196662842157334667709491852659362962092205498373233838765270071549514617
0.00000000000000000000000000000000000000000000000000000000000000000000000000000000	0.32931845505069154525723210300488993483293643527537708272446333825383122062999814
0.32938389969666915384226159530616381239985579500108125133944445875752176188734897	0.29563565196662842157334667709491852659362962092205498373233838765270071549514617
0.65916168887413517200547611928564107150780496090568227948946290391929895442030038	0.21377487850201806522943548814021203444447860564627514644074742687078126597348390
0.98973342486571132626456398907321927275071194738481653387624789804570038798620749	0.12432050192893605963369686725296475828712144859560105482214469871766721631373288
1.32151178563923116089965769433278644635142070713582656587361741457214308410966805	0.05799274663162872297321452149508788820930610505513069120909955102266431537910437
1.65492911915479234207827295859117288740774614678173684406497427913066379181311221	0.02161764443376565725154195176574824014527700541363402966331043400735143742132492
1.99044545864663844336609659661210706141082032064342598466119471506064000307545762	0.00640707065620401540081435847091863365523257503063627262501785427896798506429720
2.32855797145318961651816320034114725589599445589887050223282042316547213294260244	0.00150012788292975799989171931980153716087361794836523692904968935878444176299292
2.66981246525134630972873707907488566049620913572661866045532206902182735696313155	0.00027524242709953041398069203193691406096108687060817047957839234848147214224385
3.01481781974922583681424275930627335358948170668844669890419500442663453489605061	0.00003918329544881950038906375015009186278026705372061206517229525185199580293148
3.36426459585654032122377669844347538489030629491781569399502252249775122211914537	0.00000427545588639726473743850483773588782549223382296236439512963732050791203408
3.71894968934156332883329649471354367955047010566223819900886712490912892294347980	0.00000035225192415065159481279538182583881879948952357214528436794358438308964670
4.07980990792539345371347596123446508897931557402442725199809637804556136983964145	0.00000002151283907419444068261151132732842221899011009245872791347401425564021492
4.44796907360193155090144971290313173603759681951602041385770089879645751372855402	0.00000000095182669412336584693818970515052034644626116215102290834053188746763592
4.82480630870325788633479588891451291452843798622812846644616185025679794828411761	0.00000000002964204989315755175913624154478396957232012473811733726881324474266215
5.21205886316200832711099203563366579123425000608956183826884101924446675882031593	0.00000000000062620383158353592351640334137187942974568231269837339582369321276017
5.61198412183966510483941683714120279654102876233853210659590926443054775353969209	0.00000000000000855008746637029020168653744584945718933256597739112488746226181567
6.02762947225369473039733038376458458596608778648780796310243046572617789954016991	0.00000000000000007067461915754289994115933412292914750561718428175374179921932644
6.46331494366425378510474563714735976586330774221698549887839486623053222737357912	0.00000000000000000032248298707326505446556514190167439817219096262028682085724615
6.92558207327759514895711902127382723366114242817790871498220362643457041293261870	0.00000000000000000000070737246502696397311650075322299421433907552789264566463806
7.42532662585619493545198287583814350625497880192610240258636759252976862857392362	0.00000000000000000000000059481747159231718086255439374131130896316484374672855936
7.98369981622200297191251709501238170708776873644820435288977995865993615279029273	0.00000000000000000000000000012494829120559896773639947076270950119010202756883504
8.65615232599032776513484387682778045140673700590121105780214315504770993823859014	0.00000000000000000000000000000000223081266202639366778596425729084844671225988466

