46
-8.76372644257639411277568322555889360689369111599068255986871087104534395720138542	0.00000000000000000000000000000000034113792299095797301546394523646447635675842483
-8.09397474126711846263269254289675943442165732454530508398297057195449727415946357	0.00000000000000000000000000002113201496269693718518021594408465034304238197997623
-7.53797178722582617791583103365915514087341135576300747326273452854150472345415364	0.00000000000000000000000010976558019967959202183234560280055248408193340433754040
-7.04045544280521785756856402450907438976183951198854673947827950158148066493619678	0.00000000000000000000014155042016754984798092335474812873641952887057551744057506
-6.58034643473740919060047098511672467708879625147684760955495180058701851330476729	0.00000000000000000006973799596694836335437082097789500774774237044111745119540991
-6.14678675450540203036639681655906724674838610228628735517330888997839651343585100	0.00000000000000001648444738950741319888574516804840527076014937448403916682955085
-5.73325844184994315970042627981670073878756984041708156863712218281408585700600513	0.00000000000000214864728236789979729283601040482459352774736780601605157428126428
-5.33545803605723024227705016754227516021956212312560912118272661250824652801667372	0.00000000000016947076167749938285771289408794891945418553604746982431823420584664
-4.95035088673988605170124488925490064971009297092342489556390602886443990589204487	0.00000000000863914029144829937828014099735989253776986342224566465183643733332822
-4.57569013457043303081424720703366339898287883183882804653275028708322757385418431	0.00000000029885455879923333119588640800408585402597366414213892082931898653889608
-4.20974776132697574100181259223430297339381052764136567746575123367900408066699470	0.00000000728163475656392275696709231038680225210779635314117695034047142825147815
-3.85115315050255168423933448995120229574259006953132392506113571956376712305023880	0.00000012865324130563350711265216065148187418553657166720632836457977882222516542
-3.49879064124636467335098696613684730757252606264092219816562861885394025786834229	0.00000168694683973550654257780364661941040884800062073588121092096161420544780785
-3.15173151963847119991228413125244810552713341210016990029794591787455602881659668	0.00001672593592065391614274194830267306093044958249989582964138360669484973839378
-2.80918713547726715771830141983574827154680100262582813891890810840442453428578229	0.00012731983755106908880050848288199440420493106252184406279718003844510913741621
-2.47047551322814268903606475394018199138570089562067275525133957374621654463994058	0.00075339673454313906038112595972433499275783326439529253173742581719023634231709
-2.13499687297072551580457735750098319680350323535352710284825505362673245451661212	0.00350105785052278641752389951606683240333571647605817237990671775509881076419043
-1.80221519505749487508254798974166104781942559488962820880522116478441252417600014	0.01288348755977720174705764422567614956557507302189227563680221210082188313487264
-1.47164397173207233770421825663259851850375203772343214398531052849426153529772554	0.03779583099224699799960461111039001405472619716651638200488669084410629001142636
-1.14283490312643054329208406957250035338854429094973648777839440889241824449391904	0.08886822756600536188124375005262786419617890109007735023580234795206896454735411
-0.81536867934468158887409961153685036814943507008178866772376466004452697163979603	0.16816012736212279877337510665543464337423942152288698272595476884609605601188000
-0.48884723585117474339750211809031966004931840406297253126525764209100033070048450	0.25684454350651994845768337501826456838411008142395374495298224704976421789029228
-0.16288702795526222531212105615720444493495503211208026070738349964620081915598383	0.31727438491816692354932998774024071308377787514106438521698317902759525789210927
0.16288702795526222531212105615720444493495503211208026070738349964620081915598383	0.31727438491816692354932998774024071308377787514106438521698317902759525789210927
0.48884723585117474339750211809031966004931840406297253126525764209100033070048450	0.25684454350651994845768337501826456838411008142395374495298224704976421789029228
0.81536867934468158887409961153685036814943507008178866772376466004452697163979603	0.16816012736212279877337510665543464337423942152288698272595476884609605601188000
1.14283490312643054329208406957250035338854429094973648777839440889241824449391904	0.08886822756600536188124375005262786419617890109007735023580234795206896454735411
1.47164397173207233770421825663259851850375203772343214398531052849426153529772554	0.03779583099224699799960461111039001405472619716651638200488669084410629001142636
1.80221519505749487508254798974166104781942559488962820880522116478441252417600014	0.01288348755977720174705764422567614956557507302189227563680221210082188313487264
2.13499687297072551580457735750098319680350323535352710284825505362673245451661212	0.00350105785052278641752389951606683240333571647605817237990671775509881076419043
2.47047551322814268903606475394018199138570089562067275525133957374621654463994058	0.00075339673454313906038112595972433499275783326439529253173742581719023634231709
2.80918713547726715771830141983574827154680100262582813891890810840442453428578229	0.00012731983755106908880050848288199440420493106252184406279718003844510913741621
3.15173151963847119991228413125244810552713341210016990029794591787455602881659668	0.00001672593592065391614274194830267306093044958249989582964138360669484973839378
3.49879064124636467335098696613684730757252606264092219816562861885394025786834229	0.00000168694683973550654257780364661941040884800062073588121092096161420544780785
3.85115315050255168423933448995120229574259006953132392506113571956376712305023880	0.00000012865324130563350711265216065148187418553657166720632836457977882222516542
4.20974776132697574100181259223430297339381052764136567746575123367900408066699470	0.00000000728163475656392275696709231038680225210779635314117695034047142825147815
4.57569013457043303081424720703366339898287883183882804653275028708322757385418431	0.00000000029885455879923333119588640800408585402597366414213892082931898653889608
4.95035088673988605170124488925490064971009297092342489556390602886443990589204487	0.00000000000863914029144829937828014099735989253776986342224566465183643733332822
5.33545803605723024227705016754227516021956212312560912118272661250824652801667372	0.00000000000016947076167749938285771289408794891945418553604746982431823420584664
5.73325844184994315970042627981670073878756984041708156863712218281408585700600513	0.00000000000000214864728236789979729283601040482459352774736780601605157428126428
6.14678675450540203036639681655906724674838610228628735517330888997839651343585100	0.00000000000000001648444738950741319888574516804840527076014937448403916682955085
6.58034643473740919060047098511672467708879625147684760955495180058701851330476729	0.00000000000000000006973799596694836335437082097789500774774237044111745119540991
7.04045544280521785756856402450907438976183951198854673947827950158148066493619678	0.00000000000000000000014155042016754984798092335474812873641952887057551744057506
7.53797178722582617791583103365915514087341135576300747326273452854150472345415364	0.00000000000000000000000010976558019967959202183234560280055248408193340433754040
8.09397474126711846263269254289675943442165732454530508398297057195449727415946357	0.00000000000000000000000000002113201496269693718518021594408465034304238197997623
8.76372644257639411277568322555889360689369111599068255986871087104534395720138542	0.00000000000000000000000000000000034113792299095797301546394523646447635675842483

