47
-8.87010105402325405386371356271119476100778325447754049872438834524528755477781919	0.00000000000000000000000000000000005207455090639947437534920382221357790960801908
-8.20297807279779456003764555869631593414031549339558350542185310962478837091211774	0.00000000000000000000000000000356198178078174839575944582321241333369145610442265
-7.64927953662898826511005793965099424581672608196033910383789461295218934265192340	0.00000000000000000000000002015855816654697400656619577711069712214872906136303414
-7.15392729477571678250505529962435828601237843365007473474325726398130406370895947	0.00000000000000000000002814954742392001232512477208671466962901798735274728190183
-6.69591221106325169808088422550920197793516782484773570094891361347575612232457796	0.00000000000000000001496629916625662340391483454721485612048875300496297286054765
-6.26441301497047441020751710130689855242542056526303500189053931696038010878572226	0.00000000000000000381014634792295901296076281430611733348978673653341617963521948
-5.85293461612542156753722592378675552247822085177250621778363632539297358014937227	0.00000000000000053428423961486317418183559333349876542869611641285111654628868292
-5.45718955568165150217181445136770077033212692456457139379315468113100698477659763	0.00000000000004531267646747895442289213069647870656750481860753223303844899153052
-5.07415541698506589759499289433882512196089668766061442329184468873489869606811712	0.00000000000248361354312475733540844309354934656149900027868694567082625111182213
-4.70159538496793563676783694830719695661972791598022234416806376215737159903200004	0.00000000009240297888364325671660977433587807214559992011109879505504298120405793
-4.33779018849242052431424731109553180047599735246339829067267182385288545284301432	0.00000000242281349372437512790760483764510456974446669991083327927921747704283289
-3.98137721070646949422617109568070001854772785665452868953257369016901340808198494	0.00000004610436485663505825100670087225677625156172335608065314927989485735135405
-3.63124840929261634682440704960781499704643918944853881520541684690210332036933434	0.00000065181055230401657207060644035510563979927853605736392900673085461869823384
-3.28648257132466741983190522809131034547089024943574638768456153681009152510049997	0.00000697710796179060003248750108540446723028334812391713401572324147505069509445
-2.94629863519217085148465177555921276278488877680988175057217904865433333668119080	0.00005742593823832135590419952053338118743548762775005281064000485568527392894108
-2.61002247440615235036857505008412055838301898641662928755057327939748943267099120	0.00036806169587486190715887939356833092615269557747768951250563544304729242969448
-2.27706257585950028121739625933184558454563647152035416483948575466747967981328023	0.00185625277887324660208863345195750918107303900478618175745301994148355603774312
-1.94689175799918619217171532185743677941749435517139622993748424304155330274483260	0.00742969153789015479014546735878524456740860186113768999577578144980389299575679
-1.61903308135905090958938983281738475888881784495283770429642675007387178781251892	0.02376555576240613572161783648010146298211916432719279065854264742916883086278962
-1.29304871701095257338446997388742575566806444813281506219629937524247761065957444	0.06109438622180176746814460909597239431546378244967054580615694693913292630670957
-0.96853092273781494172208862018538775240133459462639849166693398705781436967746163	0.12677670015500217349839230148729939078678080042096581352607954534803283964109280
-0.64509452302768842774413544566091775406161170838508128090065990355717907804585489	0.21305846026514428200603700603566293430853324463479627052734630396586237971528261
-0.32237044915615063827817181327382657183562418592898715102845947020403285757952846	0.29065687385124461741059332228175205312897634208414416590304834722852894161968954
0.00000000000000000000000000000000000000000000000000000000000000000000000000000000	0.32231167941131512940069524974946674473010800048228395330479390552502630104212584
0.32237044915615063827817181327382657183562418592898715102845947020403285757952846	0.29065687385124461741059332228175205312897634208414416590304834722852894161968954
0.64509452302768842774413544566091775406161170838508128090065990355717907804585489	0.21305846026514428200603700603566293430853324463479627052734630396586237971528261
0.96853092273781494172208862018538775240133459462639849166693398705781436967746163	0.12677670015500217349839230148729939078678080042096581352607954534803283964109280
1.29304871701095257338446997388742575566806444813281506219629937524247761065957444	0.06109438622180176746814460909597239431546378244967054580615694693913292630670957
1.61903308135905090958938983281738475888881784495283770429642675007387178781251892	0.02376555576240613572161783648010146298211916432719279065854264742916883086278962
1.94689175799918619217171532185743677941749435517139622993748424304155330274483260	0.00742969153789015479014546735878524456740860186113768999577578144980389299575679
2.27706257585950028121739625933184558454563647152035416483948575466747967981328023	0.00185625277887324660208863345195750918107303900478618175745301994148355603774312
2.61002247440615235036857505008412055838301898641662928755057327939748943267099120	0.00036806169587486190715887939356833092615269557747768951250563544304729242969448
2.94629863519217085148465177555921276278488877680988175057217904865433333668119080	0.00005742593823832135590419952053338118743548762775005281064000485568527392894108
3.28648257132466741983190522809131034547089024943574638768456153681009152510049997	0.00000697710796179060003248750108540446723028334812391713401572324147505069509445
3.63124840929261634682440704960781499704643918944853881520541684690210332036933434	0.00000065181055230401657207060644035510563979927853605736392900673085461869823384
3.98137721070646949422617109568070001854772785665452868953257369016901340808198494	0.00000004610436485663505825100670087225677625156172335608065314927989485735135405
4.33779018849242052431424731109553180047599735246339829067267182385288545284301432	0.00000000242281349372437512790760483764510456974446669991083327927921747704283289
4.70159538496793563676783694830719695661972791598022234416806376215737159903200004	0.00000000009240297888364325671660977433587807214559992011109879505504298120405793
5.07415541698506589759499289433882512196089668766061442329184468873489869606811712	0.00000000000248361354312475733540844309354934656149900027868694567082625111182213
5.45718955568165150217181445136770077033212692456457139379315468113100698477659763	0.00000000000004531267646747895442289213069647870656750481860753223303844899153052
5.85293461612542156753722592378675552247822085177250621778363632539297358014937227	0.00000000000000053428423961486317418183559333349876542869611641285111654628868292
6.26441301497047441020751710130689855242542056526303500189053931696038010878572226	0.00000000000000000381014634792295901296076281430611733348978673653341617963521948
6.69591221106325169808088422550920197793516782484773570094891361347575612232457796	0.00000000000000000001496629916625662340391483454721485612048875300496297286054765
7.15392729477571678250505529962435828601237843365007473474325726398130406370895947	0.00000000000000000000002814954742392001232512477208671466962901798735274728190183
7.64927953662898826511005793965099424581672608196033910383789461295218934265192340	0.00000000000000000000000002015855816654697400656619577711069712214872906136303414
8.20297807279779456003764555869631593414031549339558350542185310962478837091211774	0.00000000000000000000000000000356198178078174839575944582321241333369145610442265
8.87010105402325405386371356271119476100778325447754049872438834524528755477781919	0.00000000000000000000000000000000005207455090639947437534920382221357790960801908

