48
-8.97531508193168706215358223476458705425292164578290330025102869634428942293880643	0.00000000000000000000000000000000000793555146077399683862306435342422679701783445
-8.31075219070478413034784782669872291493928113529983959663412040791428505841778052	0.00000000000000000000000000000059846126933138784258312560448668014994331268352365
-7.75929551976577463923770264126495054384263830630174646477980649986651593523326940	0.00000000000000000000000000368503608015066987944041141543065850346863348355313507
-7.26604655416435040282062777182673346568816462164612749562760804726703957891831428	0.00000000000000000000000556457746890228483635284540091798290821357530080335435931
-6.81006457807414138661792830623832389074885651110351487075776595818959309202460527	0.00000000000000000000318838732350513844269483296100311468681026905662024190887601
-6.38056409618641062386710795477162840107776848304690834965872584648989300171641832	0.00000000000000000087301596011866765449253581190773383262014279182628499107144047
-5.97107222501354540770712331894187438477622771782653133150573464178210737755673721	0.00000000000000013151596226584085118941191771851511196936038532445234040743332290
-5.57731698122372862626895168708877564328571442611958633422999986960977909125146932	0.00000000000001197589865479179352947619928787367244631141664904551514185458982751
-5.19628771879236454097986825550421634990578944883359616338207439125860275352861160	0.00000000000070469325815458890841969134790062268728531866733194714203933535178408
-4.82575722813320948395976669771785643455461610857817822782575600792033916664474804	0.00000000002815296537838169108834147828876512448951300123253806610731162477090206
-4.46401454693445890384147501245676758821197332045769843235400314613266624514209712	0.00000000079304674951653823110272856182080223677154076573283216112159380131628997
-4.10970460356059023650054924395215163481167603777041053887245127427309247066856643	0.00000001622514135895769836998424642964878214630999338452493041471569105671503074
-3.76172649022835778750118455640158615523298717668926798365933617393200694338359383	0.00000024686589936697504777252894393693159535973643833709254514939774927575790058
-3.41916596936388461135547839398627851840903947223284478295995017553517364254554710	0.00000284725869173484808307111697908914678608237578589567279541108752924807904233
-3.08124898864510584970840484975959935521498449190515427756144480325952552773639454	0.00002528599027748488902551321375670645818568538725531706418977307303023452965871
-2.74730862482238321948145392074035218577446399408011933717496907081398305963328239	0.00017515043180117282878696277765968860839186216411402347653808122363714642002917
-2.41676090487321645904643205900410053651122995777786856228828488236202124439507774	0.00095639231981941527673409265606513271286953570580391908984137869004406757251500
-2.08908666094427643599567785405815670319637871125499926939150525651305138860181808	0.00415300491197755245156800170081551510088035665586442126864593555835573631733309
-1.76381757989530000622984196672066654994043337743908985871881542817980817380589455	0.01444496157498109941724661813818555870407874241961960161391215806194721339166538
-1.44052522013756518650995755277156467476362220193508164924135579491200827676295510	0.04047967698460384898722992183629896284300274568295641376693675409406206992522570
-1.11881215240215656333400026648080734130166622065930344777313292724944097447461718	0.09182229707928517931806596675528418297377416773613042001311883497114220701814302
-0.79830462777856223121909737343415747176176919468604546918597228348000595954058315	0.16920447194564110671126099907569673874685293649538870175862856932696565311419730
-0.47864633759449609823314898097990777481484356976152905092825386830128162349231494	0.25396154266475909765962520020740115881026892302377206970958481659354084241306541
-0.15949293584886247050711112572649224074970465016154940802599612645344289041650662	0.31100103037796307888480976724009284906901288246104444769742926229332423799041419
0.15949293584886247050711112572649224074970465016154940802599612645344289041650662	0.31100103037796307888480976724009284906901288246104444769742926229332423799041419
0.47864633759449609823314898097990777481484356976152905092825386830128162349231494	0.25396154266475909765962520020740115881026892302377206970958481659354084241306541
0.79830462777856223121909737343415747176176919468604546918597228348000595954058315	0.16920447194564110671126099907569673874685293649538870175862856932696565311419730
1.11881215240215656333400026648080734130166622065930344777313292724944097447461718	0.09182229707928517931806596675528418297377416773613042001311883497114220701814302
1.44052522013756518650995755277156467476362220193508164924135579491200827676295510	0.04047967698460384898722992183629896284300274568295641376693675409406206992522570
1.76381757989530000622984196672066654994043337743908985871881542817980817380589455	0.01444496157498109941724661813818555870407874241961960161391215806194721339166538
2.08908666094427643599567785405815670319637871125499926939150525651305138860181808	0.00415300491197755245156800170081551510088035665586442126864593555835573631733309
2.41676090487321645904643205900410053651122995777786856228828488236202124439507774	0.00095639231981941527673409265606513271286953570580391908984137869004406757251500
2.74730862482238321948145392074035218577446399408011933717496907081398305963328239	0.00017515043180117282878696277765968860839186216411402347653808122363714642002917
3.08124898864510584970840484975959935521498449190515427756144480325952552773639454	0.00002528599027748488902551321375670645818568538725531706418977307303023452965871
3.41916596936388461135547839398627851840903947223284478295995017553517364254554710	0.00000284725869173484808307111697908914678608237578589567279541108752924807904233
3.76172649022835778750118455640158615523298717668926798365933617393200694338359383	0.00000024686589936697504777252894393693159535973643833709254514939774927575790058
4.10970460356059023650054924395215163481167603777041053887245127427309247066856643	0.00000001622514135895769836998424642964878214630999338452493041471569105671503074
4.46401454693445890384147501245676758821197332045769843235400314613266624514209712	0.00000000079304674951653823110272856182080223677154076573283216112159380131628997
4.82575722813320948395976669771785643455461610857817822782575600792033916664474804	0.00000000002815296537838169108834147828876512448951300123253806610731162477090206
5.19628771879236454097986825550421634990578944883359616338207439125860275352861160	0.00000000000070469325815458890841969134790062268728531866733194714203933535178408
5.57731698122372862626895168708877564328571442611958633422999986960977909125146932	0.00000000000001197589865479179352947619928787367244631141664904551514185458982751
5.97107222501354540770712331894187438477622771782653133150573464178210737755673721	0.00000000000000013151596226584085118941191771851511196936038532445234040743332290
6.38056409618641062386710795477162840107776848304690834965872584648989300171641832	0.00000000000000000087301596011866765449253581190773383262014279182628499107144047
6.81006457807414138661792830623832389074885651110351487075776595818959309202460527	0.00000000000000000000318838732350513844269483296100311468681026905662024190887601
7.26604655416435040282062777182673346568816462164612749562760804726703957891831428	0.00000000000000000000000556457746890228483635284540091798290821357530080335435931
7.75929551976577463923770264126495054384263830630174646477980649986651593523326940	0.00000000000000000000000000368503608015066987944041141543065850346863348355313507
8.31075219070478413034784782669872291493928113529983959663412040791428505841778052	0.00000000000000000000000000000059846126933138784258312560448668014994331268352365
8.97531508193168706215358223476458705425292164578290330025102869634428942293880643	0.00000000000000000000000000000000000793555146077399683862306435342422679701783445

