49
-9.07940539519943404454906018190204540139284105837335755992844574483418190470256106	0.00000000000000000000000000000000000120728728812834293072820536024071777379545851
-8.41733718626797854670764572257316466740838225784318742081725052899898571981204749	0.00000000000000000000000000000010023613427435927758391826714928962848890013810533
-7.86806286408166539796055784259968314920857833407484870376814152385391036077296128	0.00000000000000000000000000067063563353462789447082925082817283452210521318527305
-7.37685939063192833991270191114429623952574121915840001893212785821498910983701601	0.00000000000000000000000109368094361278362629305358587899696059299751183032455851
-6.92285283495976166175061840815727868899660084645864212099687111445352094531185592	0.00000000000000000000067446743456588831615192417297457894010318988033753948543320
-6.49529256500765967110928723640169096149795941769607287571092042466518121501700854	0.00000000000000000019836416602793738175976008651028777291210140816356977459970794
-6.08772728105475533921138704469788067632840589031291805474078353980137615778060590	0.00000000000000003205958952400383501085527578900258660080577391697504466587850977
-5.69589998503520893693625709749849856067091627553899158102249513486290162301582751	0.00000000000000313013914412426611806649015559716283598461053481178737512086114901
-5.31681137418351674730238103186866499255988141313123942800285728425693985547560096	0.00000000000019744849360631813032724316217594572434377542576543441051527326281030
-4.94824344300489161430054908010096704706015818256143219396229762159252323447688186	0.00000000000845752417143122224686360672351162619227247342702134633917338452634300
-4.58849314027448269111616173680229426693793396647570563734816056679111351464081587	0.00000000025554702439987739949495229258834935625580374074014523456783147877818706
-4.23621253006878719549589359561162291399020942842295286764125152162346859631940861	0.00000000561184287338748724497540976086713095558635694695841573653922511253915956
-3.89030740576616159014290685583979590119015588899453901819524693340881234863691542	0.00000009172961321170333006879088974503720474401376948300265043507900937752234887
-3.54987003721209514272474460894286168330768641594062129099648941534374689221347475	0.00000113784119967739906222339069578339020714923874641612528995443585252854382407
-3.21413286845685623795462214324572619707692657501690007218746192069274202348913370	0.00001088180548567415476673209066263259799877957390999930866018949272062031557842
-2.88243561064559988627678934270734351852454557329502246282250015255731411843882874	0.00008129104645315358226902780539240105257577272663681130184330463089958820352227
-2.55420119395196280336723292858758591512217499671963672153202705485523166770898262	0.00047952088600477704956606777159104271628567965889026228888862742241985490614297
-2.22891774538594696031090720228419718269363624326463130628563278231414646102066722	0.00225367377533876934330005496153719643504257524369653875225049493595212850318668
-1.90612476098836094641446736804869621636789393929510065511679136186137482332248270	0.00850180756295476730685203907758780208089506590189318663901565285619532892788589
-1.58540225145504684010558798652458063232361569714889392027383267662680499419160332	0.02590030443834272621706461383098001171614686255224722619528052002966026418734598
-1.26636202368735802448492925993293973785052167061164005586554429176374923485029271	0.06403249621221014708886874252214568739072204526024834253920932820081889918257343
-0.94864050761025747267338163219948980207630217037895133327878410257240735196450649	0.12896559830848852795182474190388952209242756277154048966624701945439664892462149
-0.63189269951096169451940911316430593698536768269998966436697223204502554652544148	0.21222171925816716521288228527768039129815429112455636267093913146970637765360500
-0.31578690052375493750224443063361389025607633582704902048698458440997688483278462	0.28591145169466438163367901200997037844383622707817673829638102509956813713159351
0.00000000000000000000000000000000000000000000000000000000000000000000000000000000	0.31573389003557400431088514261172252544990171475815570935979811153471964183718449
0.31578690052375493750224443063361389025607633582704902048698458440997688483278462	0.28591145169466438163367901200997037844383622707817673829638102509956813713159351
0.63189269951096169451940911316430593698536768269998966436697223204502554652544148	0.21222171925816716521288228527768039129815429112455636267093913146970637765360500
0.94864050761025747267338163219948980207630217037895133327878410257240735196450649	0.12896559830848852795182474190388952209242756277154048966624701945439664892462149
1.26636202368735802448492925993293973785052167061164005586554429176374923485029271	0.06403249621221014708886874252214568739072204526024834253920932820081889918257343
1.58540225145504684010558798652458063232361569714889392027383267662680499419160332	0.02590030443834272621706461383098001171614686255224722619528052002966026418734598
1.90612476098836094641446736804869621636789393929510065511679136186137482332248270	0.00850180756295476730685203907758780208089506590189318663901565285619532892788589
2.22891774538594696031090720228419718269363624326463130628563278231414646102066722	0.00225367377533876934330005496153719643504257524369653875225049493595212850318668
2.55420119395196280336723292858758591512217499671963672153202705485523166770898262	0.00047952088600477704956606777159104271628567965889026228888862742241985490614297
2.88243561064559988627678934270734351852454557329502246282250015255731411843882874	0.00008129104645315358226902780539240105257577272663681130184330463089958820352227
3.21413286845685623795462214324572619707692657501690007218746192069274202348913370	0.00001088180548567415476673209066263259799877957390999930866018949272062031557842
3.54987003721209514272474460894286168330768641594062129099648941534374689221347475	0.00000113784119967739906222339069578339020714923874641612528995443585252854382407
3.89030740576616159014290685583979590119015588899453901819524693340881234863691542	0.00000009172961321170333006879088974503720474401376948300265043507900937752234887
4.23621253006878719549589359561162291399020942842295286764125152162346859631940861	0.00000000561184287338748724497540976086713095558635694695841573653922511253915956
4.58849314027448269111616173680229426693793396647570563734816056679111351464081587	0.00000000025554702439987739949495229258834935625580374074014523456783147877818706
4.94824344300489161430054908010096704706015818256143219396229762159252323447688186	0.00000000000845752417143122224686360672351162619227247342702134633917338452634300
5.31681137418351674730238103186866499255988141313123942800285728425693985547560096	0.00000000000019744849360631813032724316217594572434377542576543441051527326281030
5.69589998503520893693625709749849856067091627553899158102249513486290162301582751	0.00000000000000313013914412426611806649015559716283598461053481178737512086114901
6.08772728105475533921138704469788067632840589031291805474078353980137615778060590	0.00000000000000003205958952400383501085527578900258660080577391697504466587850977
6.49529256500765967110928723640169096149795941769607287571092042466518121501700854	0.00000000000000000019836416602793738175976008651028777291210140816356977459970794
6.92285283495976166175061840815727868899660084645864212099687111445352094531185592	0.00000000000000000000067446743456588831615192417297457894010318988033753948543320
7.37685939063192833991270191114429623952574121915840001893212785821498910983701601	0.00000000000000000000000109368094361278362629305358587899696059299751183032455851
7.86806286408166539796055784259968314920857833407484870376814152385391036077296128	0.00000000000000000000000000067063563353462789447082925082817283452210521318527305
8.41733718626797854670764572257316466740838225784318742081725052899898571981204749	0.00000000000000000000000000000010023613427435927758391826714928962848890013810533
9.07940539519943404454906018190204540139284105837335755992844574483418190470256106	0.00000000000000000000000000000000000120728728812834293072820536024071777379545851

