50
-9.18240695812931736634662984023907861506195459220447289135713096660414872599828175	0.00000000000000000000000000000000000018337940485734313764155928100813890247165616
-8.52277103091780418913814291155341021267883378288863676363916738402768046111255058	0.00000000000000000000000000000001673801667907794713387571355711396050823625322027
-7.97562236820563655424491640946535977091884414858730188049448490106332796132746035	0.00000000000000000000000000012152441234045006412698748290173062647768340789418945
-7.48640942986419426682076306400785246935801608900268708194360054533449421792413955	0.00000000000000000000000021376583083600833847332279314115040676937418996092327328
-7.03432350977061064880779641493314091561075210606324067036457432025388760846132352	0.00000000000000000000014170935995734016237654480702332942067365727623371320445419
-6.60864797385535900612758088066696675378926573695207364379887531732723368286121462	0.00000000000000000004470984365407890728104206326216873568722520005348453796089503
-6.20295251927467161631462714427703874477892361161100064623044518368963863152289710	0.00000000000000000774238295704340611946653854504698584720046581989478410962369865
-5.81299467542040605915719054426837062850581421356846676973589934301127145767918994	0.00000000000000080942618934651598593330978406742781186599200529749283550727288732
-5.43578608722494814161645969470458981504937688618104919627632767509997867792050060	0.00000000000005465944031815589456018816319215588471231339995151614254202667241323
-5.06911758491723503245231586016405700227038561034573047387869969320235424961699913	0.00000000000250665552389967573942828532395099836113917263639081282941644083290942
-4.71129366616904278739375043921720976200353898530615480193538855988531403199690951	0.00000000008111877364930216153579647669407791634954871624809725641703206266197609
-4.36097316045457866432238307076761155138525075538443617342352084755248406755628139	0.00000000190904054381189844931442162407445580364294061616450271597984414306887991
-4.01706817285813438788109554016447404073198748852858767568318346059156639113295845	0.00000003346793404021429571156454384091489979391820538209900658997195535644343855
-3.67867706251526928171870600337227655250130260202522761428340304024386385712627966	0.00000044570299668178332986017093016288464659473618778952997443395021836122206317
-3.34503831393789109022182117665426339564589552125524154866935353382660141609006716	0.00000458168270795552597175254205359432063673990798026249859293436670898334060873
-3.01549776957452241885817424288487155093841308615763827042611593321365393137256425	0.00003684019053780724168631931708770418152494256376849901804508688499693504280616
-2.68948470226774507254768830146701213947623436264921357849295802887793836400769151	0.00023426989210925576593446517574261630050929259199717715914302650311741050880716
-2.36649390429866382890468128226883754899588934121858151248040719980810244334534496	0.00118901178174964499704337801694500947277085091945914282536810048701058493391585
-2.04607196868640920785122037406242854835421843600211883398173384600764936117170115	0.00485326382617194711100887624845348019580022295545893956803373544426979161802639
-1.72780654751589855853008293774950290675465780861963589002222776217248308156404957	0.01603194106841218513433720152177515536622070143488885728095856842337813235451976
-1.41131775489830006201502719271857568250410633772553114131681254979278649612617714	0.04307915915676554546146672629339235942761634082041459601750392381600627474427644
-1.09625112895768164235046493720204718170863400730320275563076756324932357769091526	0.09454893547708623386894483856432047697585156477819538111899986319811716243441461
-0.78227172955460688581155220598131034641381167612956337057308601263838778250260067	0.17003245567716401482082608746834276432859478931134374554369695177334248966739220
-0.46905905667823608624409934093643291687636776100850144552774958695852333230786089	0.25113085633200244446481493885235395818265961555033895339505407474036629936988192
-0.15630254688946867543804771139654823892962008169434590715608495989476806894113018	0.30508512920439880762058107298962460782277816353636660389596053846027481177491216
0.15630254688946867543804771139654823892962008169434590715608495989476806894113018	0.30508512920439880762058107298962460782277816353636660389596053846027481177491216
0.46905905667823608624409934093643291687636776100850144552774958695852333230786089	0.25113085633200244446481493885235395818265961555033895339505407474036629936988192
0.78227172955460688581155220598131034641381167612956337057308601263838778250260067	0.17003245567716401482082608746834276432859478931134374554369695177334248966739220
1.09625112895768164235046493720204718170863400730320275563076756324932357769091526	0.09454893547708623386894483856432047697585156477819538111899986319811716243441461
1.41131775489830006201502719271857568250410633772553114131681254979278649612617714	0.04307915915676554546146672629339235942761634082041459601750392381600627474427644
1.72780654751589855853008293774950290675465780861963589002222776217248308156404957	0.01603194106841218513433720152177515536622070143488885728095856842337813235451976
2.04607196868640920785122037406242854835421843600211883398173384600764936117170115	0.00485326382617194711100887624845348019580022295545893956803373544426979161802639
2.36649390429866382890468128226883754899588934121858151248040719980810244334534496	0.00118901178174964499704337801694500947277085091945914282536810048701058493391585
2.68948470226774507254768830146701213947623436264921357849295802887793836400769151	0.00023426989210925576593446517574261630050929259199717715914302650311741050880716
3.01549776957452241885817424288487155093841308615763827042611593321365393137256425	0.00003684019053780724168631931708770418152494256376849901804508688499693504280616
3.34503831393789109022182117665426339564589552125524154866935353382660141609006716	0.00000458168270795552597175254205359432063673990798026249859293436670898334060873
3.67867706251526928171870600337227655250130260202522761428340304024386385712627966	0.00000044570299668178332986017093016288464659473618778952997443395021836122206317
4.01706817285813438788109554016447404073198748852858767568318346059156639113295845	0.00000003346793404021429571156454384091489979391820538209900658997195535644343855
4.36097316045457866432238307076761155138525075538443617342352084755248406755628139	0.00000000190904054381189844931442162407445580364294061616450271597984414306887991
4.71129366616904278739375043921720976200353898530615480193538855988531403199690951	0.00000000008111877364930216153579647669407791634954871624809725641703206266197609
5.06911758491723503245231586016405700227038561034573047387869969320235424961699913	0.00000000000250665552389967573942828532395099836113917263639081282941644083290942
5.43578608722494814161645969470458981504937688618104919627632767509997867792050060	0.00000000000005465944031815589456018816319215588471231339995151614254202667241323
5.81299467542040605915719054426837062850581421356846676973589934301127145767918994	0.00000000000000080942618934651598593330978406742781186599200529749283550727288732
6.20295251927467161631462714427703874477892361161100064623044518368963863152289710	0.00000000000000000774238295704340611946653854504698584720046581989478410962369865
6.60864797385535900612758088066696675378926573695207364379887531732723368286121462	0.00000000000000000004470984365407890728104206326216873568722520005348453796089503
7.03432350977061064880779641493314091561075210606324067036457432025388760846132352	0.00000000000000000000014170935995734016237654480702332942067365727623371320445419
7.48640942986419426682076306400785246935801608900268708194360054533449421792413955	0.00000000000000000000000021376583083600833847332279314115040676937418996092327328
7.97562236820563655424491640946535977091884414858730188049448490106332796132746035	0.00000000000000000000000000012152441234045006412698748290173062647768340789418945
8.52277103091780418913814291155341021267883378288863676363916738402768046111255058	0.00000000000000000000000000000001673801667907794713387571355711396050823625322027
9.18240695812931736634662984023907861506195459220447289135713096660414872599828175	0.00000000000000000000000000000000000018337940485734313764155928100813890247165616

