51
-9.28435296509479607742917638263222841683343952014368968048258076672538277174437673	0.00000000000000000000000000000000000002781122236654930988405212907592180516800009
-8.62708972936368414648632869449022941701699393088626765331858312863896231190898547	0.00000000000000000000000000000000278689132969845469332536029685826632678156506594
-8.08201267350401327133124764462752342520204074187452037103356108364078383895778303	0.00000000000000000000000000002192996831037987246841158305996800564136060336878016
-7.59473794458359487596568853538796175218881911095521775246709409854539802233131484	0.00000000000000000000000004155865008168661685990491737492784262278312642436657906
-7.14452057147961740425538130421167534356784797364976284404399302042402034188109251	0.00000000000000000000002957954486576223816793225127469924298743496496539246480874
-6.72067709586875303510285892958815366503577605848189036668050002271847815767964032	0.00000000000000000000999935997454333963796177288554264523110517964231702502732613
-6.31679765790340535544197456077209256522579763619899753672540616604926620031791499	0.00000000000000000185303032411431451075759783851407615704223738818153511102576605
-5.92865388587313730856228185007290492500132296856658695780927289218507371676544726	0.00000000000000020717064275729555981431072915807682113578522622307872227461094405
-5.55326800526491793931870562963682537097576691487906822722056027719798698614656972	0.00000000000001495686330060694393416980844062636040132280530671845998292880221699
-5.18843934293813765176846873958820211906435664902761403875210443149420582597891189	0.00000000000073335422940637851016552398970032344298610750382102690423323336543629
-4.83247961457807507126685912396399892891021408367535089141268425815530587416641477	0.00000000002538149831756005544750617955388620218079291658095430722478617922595004
-4.48405407905735084575014120116657565238214157732737282746384863489144650861743803	0.00000000063917274853532614185548193901308678520413967658599750259597062864429899
-4.14208080196206191089549211721747613157783320360120480574807860602463200842261638	0.00000001199932653387319438916865781295649130423973952783406750969815783217307940
-3.80566385675193374574820130934762711056217126389772305117502008708454561639915469	0.00000017127604128737417724163010157698731196181242312315704214342279950835170040
-3.47404736165585887126028794105084695862446984707993060007984049807805875673138302	0.00000188918339409466769684552796644772228569633519722825613095213212371619311150
-3.14658284377169578983622345829075973280662290606955848600283347339113521662092211	0.00001631995429033074731022370924897523514160816527110907171458220185456172889577
-2.82270542330542971163313399640150002253821267206867163754090230088331553435561981	0.00011165708931911288633876976260003398500828044645555606925817920063288570592546
-2.50191600405773712879582866272135139701282427599739134340247657431230525524329958	0.00061070259874041883704656206875792131035598952337652886312225327522506423083272
-2.18376765253619291158579932894781455274472739581925702842307887083872917100514794	0.00269110860586406421346227012872025564303157098207354666420659803891084974690343
-1.86785495569956049248509844674374952639760993542978375558380226651281623499118599	0.00961612033332115204165993238116334152195323687318920288508366591044081063961157
-1.55380552945542203016946967904618893402536233577398396712922819683067411010287264	0.02801226260206401503627381559125791848486538639316659876020221851638213234456945
-1.24127309662361135130268975595074697649823779612837964991347161592265117322138100	0.06681131731884437434143795057634040500164435715196091604520825474790556446442169
-0.92993171560017599466180679576051282258862300512841714994377764678528220479047497	0.13091376937688575345610297763938775708373781690603706909086761675149554443794358
-0.61947084974715264367809422203801847999557165037168366680189561107448099964384537	0.21128731588244397401893076723873545920917920525844540751357609190727349964743213
-0.30959104093724038174394819115156147962395739082350374344021214691802760421915564	0.28138276384359954482768364185728721520367682835435163835731563253208389193847309
0.00000000000000000000000000000000000000000000000000000000000000000000000000000000	0.30954302944664118069694621824678678965676638701779971505862559954384278611488676
0.30959104093724038174394819115156147962395739082350374344021214691802760421915564	0.28138276384359954482768364185728721520367682835435163835731563253208389193847309
0.61947084974715264367809422203801847999557165037168366680189561107448099964384537	0.21128731588244397401893076723873545920917920525844540751357609190727349964743213
0.92993171560017599466180679576051282258862300512841714994377764678528220479047497	0.13091376937688575345610297763938775708373781690603706909086761675149554443794358
1.24127309662361135130268975595074697649823779612837964991347161592265117322138100	0.06681131731884437434143795057634040500164435715196091604520825474790556446442169
1.55380552945542203016946967904618893402536233577398396712922819683067411010287264	0.02801226260206401503627381559125791848486538639316659876020221851638213234456945
1.86785495569956049248509844674374952639760993542978375558380226651281623499118599	0.00961612033332115204165993238116334152195323687318920288508366591044081063961157
2.18376765253619291158579932894781455274472739581925702842307887083872917100514794	0.00269110860586406421346227012872025564303157098207354666420659803891084974690343
2.50191600405773712879582866272135139701282427599739134340247657431230525524329958	0.00061070259874041883704656206875792131035598952337652886312225327522506423083272
2.82270542330542971163313399640150002253821267206867163754090230088331553435561981	0.00011165708931911288633876976260003398500828044645555606925817920063288570592546
3.14658284377169578983622345829075973280662290606955848600283347339113521662092211	0.00001631995429033074731022370924897523514160816527110907171458220185456172889577
3.47404736165585887126028794105084695862446984707993060007984049807805875673138302	0.00000188918339409466769684552796644772228569633519722825613095213212371619311150
3.80566385675193374574820130934762711056217126389772305117502008708454561639915469	0.00000017127604128737417724163010157698731196181242312315704214342279950835170040
4.14208080196206191089549211721747613157783320360120480574807860602463200842261638	0.00000001199932653387319438916865781295649130423973952783406750969815783217307940
4.48405407905735084575014120116657565238214157732737282746384863489144650861743803	0.00000000063917274853532614185548193901308678520413967658599750259597062864429899
4.83247961457807507126685912396399892891021408367535089141268425815530587416641477	0.00000000002538149831756005544750617955388620218079291658095430722478617922595004
5.18843934293813765176846873958820211906435664902761403875210443149420582597891189	0.00000000000073335422940637851016552398970032344298610750382102690423323336543629
5.55326800526491793931870562963682537097576691487906822722056027719798698614656972	0.00000000000001495686330060694393416980844062636040132280530671845998292880221699
5.92865388587313730856228185007290492500132296856658695780927289218507371676544726	0.00000000000000020717064275729555981431072915807682113578522622307872227461094405
6.31679765790340535544197456077209256522579763619899753672540616604926620031791499	0.00000000000000000185303032411431451075759783851407615704223738818153511102576605
6.72067709586875303510285892958815366503577605848189036668050002271847815767964032	0.00000000000000000000999935997454333963796177288554264523110517964231702502732613
7.14452057147961740425538130421167534356784797364976284404399302042402034188109251	0.00000000000000000000002957954486576223816793225127469924298743496496539246480874
7.59473794458359487596568853538796175218881911095521775246709409854539802233131484	0.00000000000000000000000004155865008168661685990491737492784262278312642436657906
8.08201267350401327133124764462752342520204074187452037103356108364078383895778303	0.00000000000000000000000000002192996831037987246841158305996800564136060336878016
8.62708972936368414648632869449022941701699393088626765331858312863896231190898547	0.00000000000000000000000000000000278689132969845469332536029685826632678156506594
9.28435296509479607742917638263222841683343952014368968048258076672538277174437673	0.00000000000000000000000000000000000002781122236654930988405212907592180516800009

