52
-9.38527496322313955189638846604326850105132343317838750927814249818486496137109055	0.00000000000000000000000000000000000000421154206141048872403553399587913360474775
-8.73032745882091084750115090637104058626780825665620322842954806287078206892200003	0.00000000000000000000000000000000046271645012804446729340596958391610768468957009
-8.18727041976715765866085970722765849449139018288562114206415894169984599072401265	0.00000000000000000000000000000394159513691627970109929041957623003985493844728313
-7.70188402756791653398650373671633931872128673430945349781685026841467595583483505	0.00000000000000000000000000803788130384101230665841781701373411260825892708153914
-7.25348562169697259393760280346564483596901731616924882337141537460057794124129900	0.00000000000000000000000613538036004262643517716793657894180050220710792583700527
-6.83142413706860360154998767176753672404172953774797707885499882876590504938998522	0.00000000000000000000221969393094446101699461301370442634133106720161857546793215
-6.42930963311498130704779408916462151323170020413479029707902433943474438729980322	0.00000000000000000043966970036273189636829175280052106424670771445419357937236073
-6.04292743491969254067892668132632274319334933748778152396846243590452196469499716	0.00000000000000005250311740905994640861851871662411823075919250513758206328835980
-5.66931000685636827534945116052765618940624728769459776196478873859214271108003185	0.00000000000000404737682404469027397743026621876586689027333955860903580153057439
-5.30626485936564151976529646864525314740776933794026182648351295184228881034155226	0.00000000000021189539626185858272546092541638905560078139778419308764892202863535
-4.95211062293537255113299752801061687763573570414703917091589335607879801299583015	0.00000000000783264475712131831816914087531685555398938261576815476324292291308375
-4.60551867999621223389470919182092458796025861491737374616872799794418489985686345	0.00000000021076390184671434121720872351951870830571799014163084482964122237387464
-4.26541273887791940532806211220541263355880639927259315409149886887530938905396075	0.00000000423066857742844134918073419847025103947048606711022509658432830290996040
-3.93090224995731436514011317508594425249593647769541693311497560716003393918427121	0.00000006462305217288580339392482646016459514354572408996260542160943277474020343
-3.60123660101814219252304740190203050548831820477975675682526516607861323538434282	0.00000076355680403038261887959178384681187146229970864385460759913077980879156770
-3.27577260580769184531734252938934832476416124415325843911641948536242654055863295	0.00000707410049875821123509829225112395347106875902889027087279761530141886564332
-2.95395079255388445527029818377894957210052289017305617930325011120011397463040646	0.00005197599808292603960902739416527438542844033205897886428408538049317673716715
-2.63527768758928533704972562261827727582363876587737284189750461819547371621091495	0.00030574624681119037740712577634607690264853947402867465883554165173836375217732
-2.31931228279945695990368010805618056768157140375544265437989868928058136851954929	0.00145144799786257664475358305021113776921240969590648827730217638634113424235195
-2.00565548173286638482368216753544517885451203142372232848896124729742773652506710	0.00559770226793415381650216112204899700787408202540962653446224035737223687998658
-1.69394170054143645062058827606647897308355883569882184755124885887242194104903998	0.01763516696573332394556333372348895800337504229072196536913691309048992721346519
-1.38383204621086301588686428897774459937453339124703924313661614599282334101152892	0.04559018410343871098661163186113623747972842997728929872043988130061017421225195
-1.07500865711985766934070931298079874696954702650542317932975093157629328915979599	0.09706405557285879481468321213090717763063839059247648962825896884966699188791211
-0.76716990012409140191484009001041588939652174263496767775508320971940072930869550	0.17067182934440727724381345964226429630867492662844771326525703768321195168892097
-0.46002619243746076930976631846665309181145374274738160353486766354069426389254768	0.24835688537420784472863733025719426364714507789376148733348862842484350778992516
-0.15329626692045754207263523710441117555345680698318944579832929361663863481110947	0.29949402485158513382146964613903106978451198732329491597625750601167417594901665
0.15329626692045754207263523710441117555345680698318944579832929361663863481110947	0.29949402485158513382146964613903106978451198732329491597625750601167417594901665
0.46002619243746076930976631846665309181145374274738160353486766354069426389254768	0.24835688537420784472863733025719426364714507789376148733348862842484350778992516
0.76716990012409140191484009001041588939652174263496767775508320971940072930869550	0.17067182934440727724381345964226429630867492662844771326525703768321195168892097
1.07500865711985766934070931298079874696954702650542317932975093157629328915979599	0.09706405557285879481468321213090717763063839059247648962825896884966699188791211
1.38383204621086301588686428897774459937453339124703924313661614599282334101152892	0.04559018410343871098661163186113623747972842997728929872043988130061017421225195
1.69394170054143645062058827606647897308355883569882184755124885887242194104903998	0.01763516696573332394556333372348895800337504229072196536913691309048992721346519
2.00565548173286638482368216753544517885451203142372232848896124729742773652506710	0.00559770226793415381650216112204899700787408202540962653446224035737223687998658
2.31931228279945695990368010805618056768157140375544265437989868928058136851954929	0.00145144799786257664475358305021113776921240969590648827730217638634113424235195
2.63527768758928533704972562261827727582363876587737284189750461819547371621091495	0.00030574624681119037740712577634607690264853947402867465883554165173836375217732
2.95395079255388445527029818377894957210052289017305617930325011120011397463040646	0.00005197599808292603960902739416527438542844033205897886428408538049317673716715
3.27577260580769184531734252938934832476416124415325843911641948536242654055863295	0.00000707410049875821123509829225112395347106875902889027087279761530141886564332
3.60123660101814219252304740190203050548831820477975675682526516607861323538434282	0.00000076355680403038261887959178384681187146229970864385460759913077980879156770
3.93090224995731436514011317508594425249593647769541693311497560716003393918427121	0.00000006462305217288580339392482646016459514354572408996260542160943277474020343
4.26541273887791940532806211220541263355880639927259315409149886887530938905396075	0.00000000423066857742844134918073419847025103947048606711022509658432830290996040
4.60551867999621223389470919182092458796025861491737374616872799794418489985686345	0.00000000021076390184671434121720872351951870830571799014163084482964122237387464
4.95211062293537255113299752801061687763573570414703917091589335607879801299583015	0.00000000000783264475712131831816914087531685555398938261576815476324292291308375
5.30626485936564151976529646864525314740776933794026182648351295184228881034155226	0.00000000000021189539626185858272546092541638905560078139778419308764892202863535
5.66931000685636827534945116052765618940624728769459776196478873859214271108003185	0.00000000000000404737682404469027397743026621876586689027333955860903580153057439
6.04292743491969254067892668132632274319334933748778152396846243590452196469499716	0.00000000000000005250311740905994640861851871662411823075919250513758206328835980
6.42930963311498130704779408916462151323170020413479029707902433943474438729980322	0.00000000000000000043966970036273189636829175280052106424670771445419357937236073
6.83142413706860360154998767176753672404172953774797707885499882876590504938998522	0.00000000000000000000221969393094446101699461301370442634133106720161857546793215
7.25348562169697259393760280346564483596901731616924882337141537460057794124129900	0.00000000000000000000000613538036004262643517716793657894180050220710792583700527
7.70188402756791653398650373671633931872128673430945349781685026841467595583483505	0.00000000000000000000000000803788130384101230665841781701373411260825892708153914
8.18727041976715765866085970722765849449139018288562114206415894169984599072401265	0.00000000000000000000000000000394159513691627970109929041957623003985493844728313
8.73032745882091084750115090637104058626780825665620322842954806287078206892200003	0.00000000000000000000000000000000046271645012804446729340596958391610768468957009
9.38527496322313955189638846604326850105132343317838750927814249818486496137109055	0.00000000000000000000000000000000000000421154206141048872403553399587913360474775

