53
-9.48520296437273028617037877688182024739448599250789104556421152772338298962144002	0.00000000000000000000000000000000000000063684623398343919042049035504994253415502
-8.83251669584541485050072121653241575410700352881087475202234534240824973223390453	0.00000000000000000000000000000000007661767917970653813035644439164851112181094093
-8.29143038678301054359663271110809724418982089775190366946697006344822767664202155	0.00000000000000000000000000000070570663748569784205865425733099344734380465985904
-7.80788474870039613578981053916940072070646498315875770701813718674331984483204614	0.00000000000000000000000000154687712880468697672167638385808324791816290990641789
-7.36125806836904599314007551514530030221389174302300439632480416449619877585269610	0.00000000000000000000000126486612393954214838263404750568092730262856040466548527
-6.94093092821475295519078555059722274607364169060501702811700862251204219601338164	0.00000000000000000000048919455331107427293512237681370561658834636534613193455504
-6.54053281087576283903144559884601724483143853314182919659436165842861594687452763	0.00000000000000000010345305017520349066770611115052684667704294494353194078046808
-6.15586236013119287475299592764520960291830250399079004709351287810425333604405426	0.00000000000000001317973231646653821656697513609346510896062910749826904334823634
-5.78396196048594586285024898255291753839218131702852343419228147800393170736150209	0.00000000000000108354456402498672597919504806503419064801350517412166787129379498
-5.42264701616145258097872725980745371850477846573088526281201579603540372664178560	0.00000000000006049580586422938782704831718006406999319284744893667183613704088013
-5.07024279378171586558093399585571228789322742293082456523323883031246224077682546	0.00000000000238522541083271151743494413479946168133797591554420854048817906052814
-4.72542652009611526853409017814073603969181441317731680719041605227331578849513407	0.00000000006848773615829673429653550755299886329524526581789027238503843050450473
-4.38712725777207288102070890645322556302046731291541661585035408421894028770236588	0.00000000146784633373264449275043755388809737018486667640238762544611991461084522
-4.05445952950347319605041941309319327314122666799801745533868547416003438491225360	0.00000002395783855659182500490113018917386114605132985266649981399604692179816374
-3.72667766549421242684402593894766672277094234606293809177878810324825287471694177	0.00000030275650879319485645284381961952433059430606227220606918716274367869935469
-3.40314341025991814839192182520562524726574810243316872404228931827067253066267104	0.00000300321313359801889797995144463222680649231352165826503776189607607398888047
-3.08330230893913567004269391783898031807357594274568814625782547595448057748651027	0.00002365472918561527427907046099676148198275888963059647157125029360975715493277
-2.76666607696753872890094332723200875372215999268863838005970689283147265411041451	0.00014937604708376960528289103768132936130790681254076011877069854567056308767323
-2.45279914785880348305734562087379118056855675637954132719129736455657372301434590	0.00076242846753151903430992858438856292937507945712260553458662664407615897479634
-2.14130819843023721011112178868737589947151796010220234707543815029938658481891378	0.00316686537296211008903431096663163685531657725332577568670977801035573042550183
-1.83183383131404251430801363627970956455440299831151696192582433889745678038926103	0.01076566602931137224124001348311236242366266109825117194009781960327624725796907
-1.52404384050875790333724011485781870983968368086747864866884764078319373276464831	0.03009353503879054081123850037779057811789868772760299971026893814449540063170037
-1.21762764825473659154279535393556122330415777477740874221647183723010384558064020	0.06943610554929251737551928548002926809333573225087566308587130764052790228407428
-0.91229161088998862961769380079944467797862583392770709974106156797152842994398178	0.13264501499247200889649143199810965535738893009575740046552733337320464699611255
-0.60775496588729694722310198283171995185086482257856251530080374836900226579061247	0.21027400626010301578840086095250157397761464989130171662750130452035418802157714
-0.30374624334991530215734997256838449196012336721284347818849077912242144381893158	0.27705564403537369561974316603962223622325347899360316921482326731213192876774924
0.00000000000000000000000000000000000000000000000000000000000000000000000000000000	0.30370259492878002634417364809118703890852551179104877703865153162792122411271909
0.30374624334991530215734997256838449196012336721284347818849077912242144381893158	0.27705564403537369561974316603962223622325347899360316921482326731213192876774924
0.60775496588729694722310198283171995185086482257856251530080374836900226579061247	0.21027400626010301578840086095250157397761464989130171662750130452035418802157714
0.91229161088998862961769380079944467797862583392770709974106156797152842994398178	0.13264501499247200889649143199810965535738893009575740046552733337320464699611255
1.21762764825473659154279535393556122330415777477740874221647183723010384558064020	0.06943610554929251737551928548002926809333573225087566308587130764052790228407428
1.52404384050875790333724011485781870983968368086747864866884764078319373276464831	0.03009353503879054081123850037779057811789868772760299971026893814449540063170037
1.83183383131404251430801363627970956455440299831151696192582433889745678038926103	0.01076566602931137224124001348311236242366266109825117194009781960327624725796907
2.14130819843023721011112178868737589947151796010220234707543815029938658481891378	0.00316686537296211008903431096663163685531657725332577568670977801035573042550183
2.45279914785880348305734562087379118056855675637954132719129736455657372301434590	0.00076242846753151903430992858438856292937507945712260553458662664407615897479634
2.76666607696753872890094332723200875372215999268863838005970689283147265411041451	0.00014937604708376960528289103768132936130790681254076011877069854567056308767323
3.08330230893913567004269391783898031807357594274568814625782547595448057748651027	0.00002365472918561527427907046099676148198275888963059647157125029360975715493277
3.40314341025991814839192182520562524726574810243316872404228931827067253066267104	0.00000300321313359801889797995144463222680649231352165826503776189607607398888047
3.72667766549421242684402593894766672277094234606293809177878810324825287471694177	0.00000030275650879319485645284381961952433059430606227220606918716274367869935469
4.05445952950347319605041941309319327314122666799801745533868547416003438491225360	0.00000002395783855659182500490113018917386114605132985266649981399604692179816374
4.38712725777207288102070890645322556302046731291541661585035408421894028770236588	0.00000000146784633373264449275043755388809737018486667640238762544611991461084522
4.72542652009611526853409017814073603969181441317731680719041605227331578849513407	0.00000000006848773615829673429653550755299886329524526581789027238503843050450473
5.07024279378171586558093399585571228789322742293082456523323883031246224077682546	0.00000000000238522541083271151743494413479946168133797591554420854048817906052814
5.42264701616145258097872725980745371850477846573088526281201579603540372664178560	0.00000000000006049580586422938782704831718006406999319284744893667183613704088013
5.78396196048594586285024898255291753839218131702852343419228147800393170736150209	0.00000000000000108354456402498672597919504806503419064801350517412166787129379498
6.15586236013119287475299592764520960291830250399079004709351287810425333604405426	0.00000000000000001317973231646653821656697513609346510896062910749826904334823634
6.54053281087576283903144559884601724483143853314182919659436165842861594687452763	0.00000000000000000010345305017520349066770611115052684667704294494353194078046808
6.94093092821475295519078555059722274607364169060501702811700862251204219601338164	0.00000000000000000000048919455331107427293512237681370561658834636534613193455504
7.36125806836904599314007551514530030221389174302300439632480416449619877585269610	0.00000000000000000000000126486612393954214838263404750568092730262856040466548527
7.80788474870039613578981053916940072070646498315875770701813718674331984483204614	0.00000000000000000000000000154687712880468697672167638385808324791816290990641789
8.29143038678301054359663271110809724418982089775190366946697006344822767664202155	0.00000000000000000000000000000070570663748569784205865425733099344734380465985904
8.83251669584541485050072121653241575410700352881087475202234534240824973223390453	0.00000000000000000000000000000000007661767917970653813035644439164851112181094093
9.48520296437273028617037877688182024739448599250789104556421152772338298962144002	0.00000000000000000000000000000000000000063684623398343919042049035504994253415502

