54
-9.58416554752346979315246880788103250791750845866442637140689580596901436684543327	0.00000000000000000000000000000000000000009616569769829950236907610853459984995661
-8.93368833209619334347654680145044267731855706509809023877760046099900347538330576	0.00000000000000000000000000000000001265320076016913106426093521090924003890177305
-8.39452562332720216575497362216620452807649433792875951713340744569230492030676921	0.00000000000000000000000000000012587808691128592113636115940787489441262775564723
-7.91277529781249474982796185149481062783350223799100133390589534899173381493532849	0.00000000000000000000000000029626275871495619962930077286650639261579198945766092
-7.46787528348362133288840163734891670908329819921237320620368689835026891472686215	0.00000000000000000000000025923371557455913537728744974476282457329197856200515067
-7.04923709867837791083817707831998952687705252978533305101233510783759008434071435	0.00000000000000000000010706490586422139474676964378217238575992123214421738018249
-6.65050917856649298516448585018473214954407924706687004458315032885132270221527568	0.00000000000000000002414691999972687890001291447479658128558198394948385090312571
-6.26750312936975182370006930797377996510318727562345925134437500600447738080926860	0.00000000000000000327825196978982733432954650998911830833229046727420513348007216
-5.89727095764112149990050483083795435235695963981319957854352694641405245598152981	0.00000000000000028709892632049633876404378150740716757067683606493761564792947932
-5.53763569240330133170417368927669034626981472113194722051101901352608894321553136	0.00000000000001707340673346841075690676237569858954525805611951196070178489050038
-5.18692897959288955053548990854418413563975597350370794262260582429144707016549072	0.00000000000071713449978551800188972237026938024452507397735872263320814324544371
-4.84383363458198747074396842758685277664132262646672514258756625403292013150645626	0.00000000002194398467681087552846901910845917339152329087709054613405204052088993
-4.50728381181990106755296004628162802543036570049162020449724527566323192999526888	0.00000000050147398704734680388651201262819098644021101456567477181110622571738350
-4.17639883047848521271336243941339467923381660988413799686743799412377736856961884	0.00000000873344483583372634263573805711951603532516888404606318693303234876658149
-3.85043766836610647486434806067426040537636588758120438364681174444417500876808801	0.00000011786188465819040325975684291831669191150880691068175566560748003198848172
-3.52876668149108576119290505516034041624382391375076837066371656123063672098825064	0.00000124981002841129022132074579262743510903911210962990415959363068990836544076
-3.21083608252829383041846491698449052485886371566956003660058540458751697978078342	0.00001053544444182574342716218728226897060740087738334040751443663015248236319670
-2.89616239045714748025774738323108398481898542865323955093846698150281098334050283	0.00007129434727248486594881951351457860081363005892224561658044595423288899183749
-2.58431505187362752182111303125667107223684022998149007070833332088060096811006126	0.00039051617266315857198934366017901638388376320367837569133995029417849818110959
-2.27490603754169757236802420858736240802816233713606051275642915635865111738425809	0.00174352542196549101376342588424016683200920958364525666685786284789872378414631
-1.96758159739206709565393049421667371689898697989337454127359824163922924051066379	0.00638205941704645460547677056362010261293947898353026929999283128084832746804879
-1.66201560265899682171411944012238053854675730699703237385134795130943506173640852	0.01924644137053951022120085938800101242727509891847133481723749045685961429293617
-1.35790406624422248438396042028798668646454485556109661399574553336348571577109005	0.04801030616129549637500887568549262986202815832130217260929012901445925465634146
-1.05496054187389893387219533962838319827250057906615409126580306885920604795304439	0.09938278716047261167547074280072190214932094613135568927014052978279437876545172
-0.75291217747488709251532173367034901073342672159042163770877998169027330561213535	0.17114652799601409275012329611717467733308610465367936257308368754697356845817056
-0.45149624980624273206248297744810077215399944424532229973135752457109541324920718	0.24564247050424458727162374184115335022448969785051677289904610097239992351937929
-0.15045704292086297296476969521816872933142118551847014422434925475079544831996694	0.29419908452729192520859058034133019957932152464723780691508686622198083065712836
0.15045704292086297296476969521816872933142118551847014422434925475079544831996694	0.29419908452729192520859058034133019957932152464723780691508686622198083065712836
0.45149624980624273206248297744810077215399944424532229973135752457109541324920718	0.24564247050424458727162374184115335022448969785051677289904610097239992351937929
0.75291217747488709251532173367034901073342672159042163770877998169027330561213535	0.17114652799601409275012329611717467733308610465367936257308368754697356845817056
1.05496054187389893387219533962838319827250057906615409126580306885920604795304439	0.09938278716047261167547074280072190214932094613135568927014052978279437876545172
1.35790406624422248438396042028798668646454485556109661399574553336348571577109005	0.04801030616129549637500887568549262986202815832130217260929012901445925465634146
1.66201560265899682171411944012238053854675730699703237385134795130943506173640852	0.01924644137053951022120085938800101242727509891847133481723749045685961429293617
1.96758159739206709565393049421667371689898697989337454127359824163922924051066379	0.00638205941704645460547677056362010261293947898353026929999283128084832746804879
2.27490603754169757236802420858736240802816233713606051275642915635865111738425809	0.00174352542196549101376342588424016683200920958364525666685786284789872378414631
2.58431505187362752182111303125667107223684022998149007070833332088060096811006126	0.00039051617266315857198934366017901638388376320367837569133995029417849818110959
2.89616239045714748025774738323108398481898542865323955093846698150281098334050283	0.00007129434727248486594881951351457860081363005892224561658044595423288899183749
3.21083608252829383041846491698449052485886371566956003660058540458751697978078342	0.00001053544444182574342716218728226897060740087738334040751443663015248236319670
3.52876668149108576119290505516034041624382391375076837066371656123063672098825064	0.00000124981002841129022132074579262743510903911210962990415959363068990836544076
3.85043766836610647486434806067426040537636588758120438364681174444417500876808801	0.00000011786188465819040325975684291831669191150880691068175566560748003198848172
4.17639883047848521271336243941339467923381660988413799686743799412377736856961884	0.00000000873344483583372634263573805711951603532516888404606318693303234876658149
4.50728381181990106755296004628162802543036570049162020449724527566323192999526888	0.00000000050147398704734680388651201262819098644021101456567477181110622571738350
4.84383363458198747074396842758685277664132262646672514258756625403292013150645626	0.00000000002194398467681087552846901910845917339152329087709054613405204052088993
5.18692897959288955053548990854418413563975597350370794262260582429144707016549072	0.00000000000071713449978551800188972237026938024452507397735872263320814324544371
5.53763569240330133170417368927669034626981472113194722051101901352608894321553136	0.00000000000001707340673346841075690676237569858954525805611951196070178489050038
5.89727095764112149990050483083795435235695963981319957854352694641405245598152981	0.00000000000000028709892632049633876404378150740716757067683606493761564792947932
6.26750312936975182370006930797377996510318727562345925134437500600447738080926860	0.00000000000000000327825196978982733432954650998911830833229046727420513348007216
6.65050917856649298516448585018473214954407924706687004458315032885132270221527568	0.00000000000000000002414691999972687890001291447479658128558198394948385090312571
7.04923709867837791083817707831998952687705252978533305101233510783759008434071435	0.00000000000000000000010706490586422139474676964378217238575992123214421738018249
7.46787528348362133288840163734891670908329819921237320620368689835026891472686215	0.00000000000000000000000025923371557455913537728744974476282457329197856200515067
7.91277529781249474982796185149481062783350223799100133390589534899173381493532849	0.00000000000000000000000000029626275871495619962930077286650639261579198945766092
8.39452562332720216575497362216620452807649433792875951713340744569230492030676921	0.00000000000000000000000000000012587808691128592113636115940787489441262775564723
8.93368833209619334347654680145044267731855706509809023877760046099900347538330576	0.00000000000000000000000000000000001265320076016913106426093521090924003890177305
9.58416554752346979315246880788103250791750845866442637140689580596901436684543327	0.00000000000000000000000000000000000000009616569769829950236907610853459984995661

