55
-9.68218995256372610318369388264630493690706780130599795723730517500911590446690639	0.00000000000000000000000000000000000000001450162771334038527341141663085296936650
-9.03387178018240654513423335027320465597126133441237217967663462193497401476611640	0.00000000000000000000000000000000000208432496347246223778393351265378248097074056
-8.49658756490756472857603754783741371269716053860282930446922051717090746065206572	0.00000000000000000000000000000002237188141705300520369776452469014171305305965208
-8.01658911485582959973898439965441125499471954717761077752475822971312033699262890	0.00000000000000000000000000005647736651750911852496647593019841100550251104786544
-7.57337274654120073816567888384054026590033955495057073375269506752071336632313540	0.00000000000000000000000005282849136982675701918692774035054264901571373475961698
-7.15638023434291053148514150931129099383546051544493297764377950036996248018291675	0.00000000000000000000002327518407007962655752142179162942106219203243755978793954
-6.75927851868408499480013132789343229225285124637086812205314845389874262153682874	0.00000000000000000000559247033441278217738912103587408588613379754231006268727056
-6.37789183191276791828604890728907171205835062291025212217366872986648806224210449	0.00000000000000000080822735455939785223261485200962774218593619341187467743459336
-6.00928152325366726012910252567477303032380682723474514319028042349461834230749848	0.00000000000000007531645250731307802595629758451370675108127092251972391992369091
-5.65127799625586436254194022586978527303033881215505305795378335390921184949302878	0.00000000000000476529846041889345583494650501278174209944261669183894761763818990
-5.30221903884579060443204358060690992553127293406120975461222074817896232907270352	0.00000000000021297535284773482465303055509959920629018142016767421928265608741136
-4.96079282022755632112859991892687846618224762340530411253022650241095544577299065	0.00000000000693644396280161195681622916245514994368147717924876363723777599361449
-4.62593834691941189348383480155500999709359942082454682014581054119043006518095190	0.00000000016879993347401018775436195046466696329308245893053893768214541456911501
-4.29677948403369877620123228114224537132770370316966138765906591385462087787993952	0.00000000313249582610286172409029050298703159553374610788572264995851740759105042
-3.97257959047874644012073002186108623966410623034259791479910854924906498475046162	0.00000004508188197229983888272611757865146393456295843515609127801311989312805613
-3.65270934641329778504761519660496094647999661362337838363661035542035558462043564	0.00000051027034733995550018569002469390134749601135217013923198809501652846272347
-3.33662331893416608103991334554893672294052626058904489340874887946516324457111979	0.00000459621831440737540871545937743690915496722577849970975969642285189824716502
-3.02384248641918022059049437555591946015468193916160815236991228759608148455549414	0.00003327497770184670246143800198105692503642591288467965296520356482884640560207
-2.71394092755610010537692725959055929762019145071740017886025952211354072298798957	0.00019525422369452283934296086626556392099397504737980230858306411430107658318136
-2.40653548262065206978755411079772415850793712892424198788300259227585963255187926	0.00093526439804451229043663437010612419893732505980337210018860847577652431341555
-2.10127757332914062932486482668944650163938751383852464299631421249305183549223871	0.00367893671960081970831049846053143222380584975028754727022302392670098706958317
-1.79784661260369813905948071878653604962785726803705120662875570122513611741542197	0.01194389627188274460238489832767129971233994650603339225041511820176657037138715
-1.49594459779624468573025958891487564162449809580555559534066624075832380854817755	0.03213773923261984792868717671475464768025089615048403497202630771436672466721207
-1.19529159041523353332609860379864923149966312716409390451338034134106167228275110	0.07191278336675871850144615884357074753930396168235537753607885871078397559026896
-0.89562186046229086239839293073878821856795009819556252700854960984644175423906615	0.13418063914176927305496358457220431738939168256966491452521553287252140053078564
-0.59668052547571689327681138469472684842840366293787115376865157686942263786198897	0.20919736551904635186701481853419316478168798164181505786942214184291213262429131
-0.29822055049276668929796644962198617479787018905898059978996489205553259747225772	0.27291625193942635054214338769984621913678043368615630987783091491470984976275589
0.00000000000000000000000000000000000000000000000000000000000000000000000000000000	0.29818072956643857131973412721680182001927959339484789018340332196195902003794237
0.29822055049276668929796644962198617479787018905898059978996489205553259747225772	0.27291625193942635054214338769984621913678043368615630987783091491470984976275589
0.59668052547571689327681138469472684842840366293787115376865157686942263786198897	0.20919736551904635186701481853419316478168798164181505786942214184291213262429131
0.89562186046229086239839293073878821856795009819556252700854960984644175423906615	0.13418063914176927305496358457220431738939168256966491452521553287252140053078564
1.19529159041523353332609860379864923149966312716409390451338034134106167228275110	0.07191278336675871850144615884357074753930396168235537753607885871078397559026896
1.49594459779624468573025958891487564162449809580555559534066624075832380854817755	0.03213773923261984792868717671475464768025089615048403497202630771436672466721207
1.79784661260369813905948071878653604962785726803705120662875570122513611741542197	0.01194389627188274460238489832767129971233994650603339225041511820176657037138715
2.10127757332914062932486482668944650163938751383852464299631421249305183549223871	0.00367893671960081970831049846053143222380584975028754727022302392670098706958317
2.40653548262065206978755411079772415850793712892424198788300259227585963255187926	0.00093526439804451229043663437010612419893732505980337210018860847577652431341555
2.71394092755610010537692725959055929762019145071740017886025952211354072298798957	0.00019525422369452283934296086626556392099397504737980230858306411430107658318136
3.02384248641918022059049437555591946015468193916160815236991228759608148455549414	0.00003327497770184670246143800198105692503642591288467965296520356482884640560207
3.33662331893416608103991334554893672294052626058904489340874887946516324457111979	0.00000459621831440737540871545937743690915496722577849970975969642285189824716502
3.65270934641329778504761519660496094647999661362337838363661035542035558462043564	0.00000051027034733995550018569002469390134749601135217013923198809501652846272347
3.97257959047874644012073002186108623966410623034259791479910854924906498475046162	0.00000004508188197229983888272611757865146393456295843515609127801311989312805613
4.29677948403369877620123228114224537132770370316966138765906591385462087787993952	0.00000000313249582610286172409029050298703159553374610788572264995851740759105042
4.62593834691941189348383480155500999709359942082454682014581054119043006518095190	0.00000000016879993347401018775436195046466696329308245893053893768214541456911501
4.96079282022755632112859991892687846618224762340530411253022650241095544577299065	0.00000000000693644396280161195681622916245514994368147717924876363723777599361449
5.30221903884579060443204358060690992553127293406120975461222074817896232907270352	0.00000000000021297535284773482465303055509959920629018142016767421928265608741136
5.65127799625586436254194022586978527303033881215505305795378335390921184949302878	0.00000000000000476529846041889345583494650501278174209944261669183894761763818990
6.00928152325366726012910252567477303032380682723474514319028042349461834230749848	0.00000000000000007531645250731307802595629758451370675108127092251972391992369091
6.37789183191276791828604890728907171205835062291025212217366872986648806224210449	0.00000000000000000080822735455939785223261485200962774218593619341187467743459336
6.75927851868408499480013132789343229225285124637086812205314845389874262153682874	0.00000000000000000000559247033441278217738912103587408588613379754231006268727056
7.15638023434291053148514150931129099383546051544493297764377950036996248018291675	0.00000000000000000000002327518407007962655752142179162942106219203243755978793954
7.57337274654120073816567888384054026590033955495057073375269506752071336632313540	0.00000000000000000000000005282849136982675701918692774035054264901571373475961698
8.01658911485582959973898439965441125499471954717761077752475822971312033699262890	0.00000000000000000000000000005647736651750911852496647593019841100550251104786544
8.49658756490756472857603754783741371269716053860282930446922051717090746065206572	0.00000000000000000000000000000002237188141705300520369776452469014171305305965208
9.03387178018240654513423335027320465597126133441237217967663462193497401476611640	0.00000000000000000000000000000000000208432496347246223778393351265378248097074056
9.68218995256372610318369388264630493690706780130599795723730517500911590446690639	0.00000000000000000000000000000000000000001450162771334038527341141663085296936650

