56
-9.77930216634031032877089324975227994196251681230699881282810249427852290053122973	0.00000000000000000000000000000000000000000218394737962036649094622963473708238390
-9.13309507061210121704826516863092103128375780298956761223391532569284880335705312	0.00000000000000000000000000000000000034249840843882948318597693095938497262102278
-8.59764614143621365118193764387616975532551692896836539798144850089480143178502205	0.00000000000000000000000000000000396215408989599727877157689708815183360677967863
-8.11935800874746926878111125123810949925384367510351036051256643329001986884298890	0.00000000000000000000000000001071799388321087156691544055204164300208988778545124
-7.67778417532815005603474346864500598561104223236680883386535410280355133319584733	0.00000000000000000000000001070671358964359405436105488689467803470725305423892283
-7.26239602128679036824250485704564999395254255162929187655753433293706185555962323	0.00000000000000000000000502709991872949700555921979067499126249573236144702051118
-6.86687856662528763607687947599740255687721402491861625304631166030425041082334851	0.00000000000000000000128553638970491260179426060162708254346342705299260206197694
-6.48706835174462581687924224241852782251671076330751493141593316209837886619664396	0.00000000000000000019756668115390571166934803588746135959756085677862254252389588
-6.12003580614199287671294962312279706050269783345314984263338334170743456282888875	0.00000000000000001956926178564748832869756705756452259945628573113051640639580014
-5.76361847447157764310162327454655551696546880471177185373142792074598615069534140	0.00000000000000131585612513969868994523592727824018534099592960119318558820094660
-5.41616006679004734204607668242313409962944544307301529349778651537724893886719327	0.00000000000006250445629752450031090393058827830480313097310933725334495346783596
-5.07635388996399282740398943034915143462258633974580827258598564910492204485432387	0.00000000000216419258850120925091202805117823268889480284820171459504203191817351
-4.74314358311812965003962236220134195555146285975755858678984776301871715127848680	0.00000000005601397850468459407236301354368447875469182708350317465444642553057937
-4.41565732910021671939560431577404793419921805858752264378379598272702673870518393	0.00000000110620069768821835852021559461586752099794226070699731231304814340885887
-4.09316262629979849113635450425148745129635922257517404607397852013269683608658187	0.00000001695432425599189048017746681580290604104887879961089788916283111621709466
-3.77503421964112432467373648134851738973474543941533341516038143922564146169831934	0.00000020454464536460687028268137264102414198968003298992658862737471230896058726
-3.46073074914779841446687622028981028788199875930684874109113588381798143756463702	0.00000196575340040097260365941071099524040122403726769730747077481857855056360737
-3.14977734441996864108074796318988120088273443726824901238622849428614528963488919	0.00001520108149228448687754701013706352138377535507746930616067925805009443660902
-2.84175237638099228486052269489233600841043012164940480182917832965197838640132369	0.00009539599104777311926878559948034896843977920369910616017238465901526074705146
-2.53627717765977419508394538400787290211912678687471008453837602754574446807619273	0.00048937293565704915199716096802421166648511551728804382788891177841209939198712
-2.23300792084524080152883976110242047387970004951744395463432801528508090191999316	0.00206474756360313846488668991116526351725574119852677735908522331173926067589585
-1.93162908836400707068150890438593571512976957805183746711867692722625321100757979	0.00720205223204104954791727139564894317127187194607009113295436369959080495713657
-1.63184812970594450187413660019361895914579413244790989162904134732045187495553605	0.02085857414015781991599921778755339307369045132904292010333312961259795159240924
-1.33339101117920970465358153807069874401633451602447112356572280277367769738893137	0.05033839742481590806556482036388931771109070177036045189045892630194206349509697
-1.03599843855700323398950615999091312015378844123428917410184700781313776751556361	0.10151939271798680513061569895461812869045839507923444252098942531109016593829822
-0.73942258523430115325181184707800306983459361534153801691080172903584721601963158	0.17147724762127147903498721898739923540323419799376874544075663048121467726446008
-0.44342419505035352855791186234917792873254676124830939761747709611388820862171839	0.24298927099272358922974584126054936867314843922978023900236726212394342628213403
-0.14776995439420115029894057967108258714398773126842573473043433389730868798226465	0.28917508433514838706791320011161215106851088810078850874538137327898146273711040
0.14776995439420115029894057967108258714398773126842573473043433389730868798226465	0.28917508433514838706791320011161215106851088810078850874538137327898146273711040
0.44342419505035352855791186234917792873254676124830939761747709611388820862171839	0.24298927099272358922974584126054936867314843922978023900236726212394342628213403
0.73942258523430115325181184707800306983459361534153801691080172903584721601963158	0.17147724762127147903498721898739923540323419799376874544075663048121467726446008
1.03599843855700323398950615999091312015378844123428917410184700781313776751556361	0.10151939271798680513061569895461812869045839507923444252098942531109016593829822
1.33339101117920970465358153807069874401633451602447112356572280277367769738893137	0.05033839742481590806556482036388931771109070177036045189045892630194206349509697
1.63184812970594450187413660019361895914579413244790989162904134732045187495553605	0.02085857414015781991599921778755339307369045132904292010333312961259795159240924
1.93162908836400707068150890438593571512976957805183746711867692722625321100757979	0.00720205223204104954791727139564894317127187194607009113295436369959080495713657
2.23300792084524080152883976110242047387970004951744395463432801528508090191999316	0.00206474756360313846488668991116526351725574119852677735908522331173926067589585
2.53627717765977419508394538400787290211912678687471008453837602754574446807619273	0.00048937293565704915199716096802421166648511551728804382788891177841209939198712
2.84175237638099228486052269489233600841043012164940480182917832965197838640132369	0.00009539599104777311926878559948034896843977920369910616017238465901526074705146
3.14977734441996864108074796318988120088273443726824901238622849428614528963488919	0.00001520108149228448687754701013706352138377535507746930616067925805009443660902
3.46073074914779841446687622028981028788199875930684874109113588381798143756463702	0.00000196575340040097260365941071099524040122403726769730747077481857855056360737
3.77503421964112432467373648134851738973474543941533341516038143922564146169831934	0.00000020454464536460687028268137264102414198968003298992658862737471230896058726
4.09316262629979849113635450425148745129635922257517404607397852013269683608658187	0.00000001695432425599189048017746681580290604104887879961089788916283111621709466
4.41565732910021671939560431577404793419921805858752264378379598272702673870518393	0.00000000110620069768821835852021559461586752099794226070699731231304814340885887
4.74314358311812965003962236220134195555146285975755858678984776301871715127848680	0.00000000005601397850468459407236301354368447875469182708350317465444642553057937
5.07635388996399282740398943034915143462258633974580827258598564910492204485432387	0.00000000000216419258850120925091202805117823268889480284820171459504203191817351
5.41616006679004734204607668242313409962944544307301529349778651537724893886719327	0.00000000000006250445629752450031090393058827830480313097310933725334495346783596
5.76361847447157764310162327454655551696546880471177185373142792074598615069534140	0.00000000000000131585612513969868994523592727824018534099592960119318558820094660
6.12003580614199287671294962312279706050269783345314984263338334170743456282888875	0.00000000000000001956926178564748832869756705756452259945628573113051640639580014
6.48706835174462581687924224241852782251671076330751493141593316209837886619664396	0.00000000000000000019756668115390571166934803588746135959756085677862254252389588
6.86687856662528763607687947599740255687721402491861625304631166030425041082334851	0.00000000000000000000128553638970491260179426060162708254346342705299260206197694
7.26239602128679036824250485704564999395254255162929187655753433293706185555962323	0.00000000000000000000000502709991872949700555921979067499126249573236144702051118
7.67778417532815005603474346864500598561104223236680883386535410280355133319584733	0.00000000000000000000000001070671358964359405436105488689467803470725305423892283
8.11935800874746926878111125123810949925384367510351036051256643329001986884298890	0.00000000000000000000000000001071799388321087156691544055204164300208988778545124
8.59764614143621365118193764387616975532551692896836539798144850089480143178502205	0.00000000000000000000000000000000396215408989599727877157689708815183360677967863
9.13309507061210121704826516863092103128375780298956761223391532569284880335705312	0.00000000000000000000000000000000000034249840843882948318597693095938497262102278
9.77930216634031032877089324975227994196251681230699881282810249427852290053122973	0.00000000000000000000000000000000000000000218394737962036649094622963473708238390

