57
-9.87552700173676830533691705693008656966317671317804329684059037632786578919393569	0.00000000000000000000000000000000000000000032848343977914485321796000766015219636
-9.23138494073865591357272379881914226424919036543646034047908794449785881498288985	0.00000000000000000000000000000000000005614519217609643842354596227206640099668010
-8.69772987586062416351805393926904510712426793429486921629678478650699223229540776	0.00000000000000000000000000000000069933335612181507303114707716594467019184140084
-8.22111226606771746881983104458641101596120271998254913908131293689704727646752984	0.00000000000000000000000000000202514682117850098066713062748039977243355923812286
-7.78114164533570135041421454342347207533587237832227676010590413747419216264795413	0.00000000000000000000000000215840374740704918227397504541446095721050115169288659
-7.36731837677857338797829333200663252507715128027083094074961501768929849496570689	0.00000000000000000000000107897941981580717645856883966820687367880901667589830525
-6.97334515429562481996524883047422516367693810536446773023620188295535585308198607	0.00000000000000000000029336812927661315923819310390672387671706806477704578973828
-6.59507052500388709480816019185788911492839719400661658011531645148662802265086470	0.00000000000000000004789708601122860809653428526645510995715483418107614055760528
-6.22957375172334648869836169216280105981468651833254931276974112107786861124994178	0.00000000000000000503767059849455979992012424805750017985294743420978952477069150
-5.87469930202125412396059502234482701898050812629884424538510332466001101678483390	0.00000000000000035961584198415699011145373393582336884075804745522541139498776378
-5.52879660390936612469305522168364841388417896716283443115210942084262479225805788	0.00000000000001813551216012961933671464064521233328336950708621780568726811655839
-5.19056390238383622843249028265173635129080943564962790788134866193925880254128457	0.00000000000066680503871104011733166324553424739698810142176620872224469932639972
-4.85894926772114853107133733859425862460844221422603773263482831201035036373083374	0.00000000001833372785305066937714614642436952833948937509847193909274849958455662
-4.53308499207381577887991004474425760937569637920387357770434432915747089199323656	0.00000000038483200507286198957634555332042021276873262639910572702061138181693267
-4.21224249364062285821371718021460543866536469380185241433968443601336007417523967	0.00000000627323324228018129271560509895455714958293901267171746568011667945248375
-3.89580034728638413886176986645090460900554530664002353910532448733439018794014055	0.00000008056004169084532180330598829960198362899270281269434581994629357271757925
-3.58322101213687927946931342841071453377163837385384501895854938408445439224982790	0.00000082486418628805529437289424328800553460706652605229216356069639820061815415
-3.27403349219483423221332638644222601516420927882635027831733283226321008546535387	0.00000680306385129641203057958144526063947827522045382452637798349850211081691823
-2.96782014648189323389583814313630980061123336513407995531283489999666012865611909	0.00004558745969405066914528102816563498878865369245009231374348262850654882746508
-2.66420646370879086715565495874289151744562418476776289315097653397574405312035734	0.00025003668451320245948077253691880132987989298748803761183258487878584047576968
-2.36285299344853219170567198848768386025654182882511903212161694879938843676126464	0.00112953332576450750351625151882232280284746372660993958036749007599107246651720
-2.06344886978463025164030335248891696991528933249132934293608356313310032751421037	0.00422508422364424306608750628654352543781528600115622410678297101498297266265019
-1.76570652511327638597689227033099643323075298139088019437611756915265666849953808	0.01314472645958164068453437192432293929585356487257039256048248087413634917961757
-1.46935730114718746011939538020162732875490964175430066282369392903758370888415197	0.03413980112840026253877645322291489042080790538327713575364078643265692496592306
-1.17414773940319056125952125992228279167573842528384718353341753852035723752168683	0.07424767537061399188034551617738476161327242359869786729397143243889235728856016
-0.87983638589173075575381775339151354110896230535226033468827875959595397845183106	0.13553970687329155980021610058353861329944137582068135734109979362993274340511115
-0.58619098157190685788583107043219402655872657530068334771814379233840775141292204	0.20807036460654706262085624151436254835736950004350847418236011140334226706316607
-0.29298593604778870078123328986088550302272243211815519321938384496634762372295581	0.26895194980711797179599248751140197011406341306930392265584557745556320476010640
0.00000000000000000000000000000000000000000000000000000000000000000000000000000000	0.29294948869685192971763352849370003370315188123002599737316817596262640565131181
0.29298593604778870078123328986088550302272243211815519321938384496634762372295581	0.26895194980711797179599248751140197011406341306930392265584557745556320476010640
0.58619098157190685788583107043219402655872657530068334771814379233840775141292204	0.20807036460654706262085624151436254835736950004350847418236011140334226706316607
0.87983638589173075575381775339151354110896230535226033468827875959595397845183106	0.13553970687329155980021610058353861329944137582068135734109979362993274340511115
1.17414773940319056125952125992228279167573842528384718353341753852035723752168683	0.07424767537061399188034551617738476161327242359869786729397143243889235728856016
1.46935730114718746011939538020162732875490964175430066282369392903758370888415197	0.03413980112840026253877645322291489042080790538327713575364078643265692496592306
1.76570652511327638597689227033099643323075298139088019437611756915265666849953808	0.01314472645958164068453437192432293929585356487257039256048248087413634917961757
2.06344886978463025164030335248891696991528933249132934293608356313310032751421037	0.00422508422364424306608750628654352543781528600115622410678297101498297266265019
2.36285299344853219170567198848768386025654182882511903212161694879938843676126464	0.00112953332576450750351625151882232280284746372660993958036749007599107246651720
2.66420646370879086715565495874289151744562418476776289315097653397574405312035734	0.00025003668451320245948077253691880132987989298748803761183258487878584047576968
2.96782014648189323389583814313630980061123336513407995531283489999666012865611909	0.00004558745969405066914528102816563498878865369245009231374348262850654882746508
3.27403349219483423221332638644222601516420927882635027831733283226321008546535387	0.00000680306385129641203057958144526063947827522045382452637798349850211081691823
3.58322101213687927946931342841071453377163837385384501895854938408445439224982790	0.00000082486418628805529437289424328800553460706652605229216356069639820061815415
3.89580034728638413886176986645090460900554530664002353910532448733439018794014055	0.00000008056004169084532180330598829960198362899270281269434581994629357271757925
4.21224249364062285821371718021460543866536469380185241433968443601336007417523967	0.00000000627323324228018129271560509895455714958293901267171746568011667945248375
4.53308499207381577887991004474425760937569637920387357770434432915747089199323656	0.00000000038483200507286198957634555332042021276873262639910572702061138181693267
4.85894926772114853107133733859425862460844221422603773263482831201035036373083374	0.00000000001833372785305066937714614642436952833948937509847193909274849958455662
5.19056390238383622843249028265173635129080943564962790788134866193925880254128457	0.00000000000066680503871104011733166324553424739698810142176620872224469932639972
5.52879660390936612469305522168364841388417896716283443115210942084262479225805788	0.00000000000001813551216012961933671464064521233328336950708621780568726811655839
5.87469930202125412396059502234482701898050812629884424538510332466001101678483390	0.00000000000000035961584198415699011145373393582336884075804745522541139498776378
6.22957375172334648869836169216280105981468651833254931276974112107786861124994178	0.00000000000000000503767059849455979992012424805750017985294743420978952477069150
6.59507052500388709480816019185788911492839719400661658011531645148662802265086470	0.00000000000000000004789708601122860809653428526645510995715483418107614055760528
6.97334515429562481996524883047422516367693810536446773023620188295535585308198607	0.00000000000000000000029336812927661315923819310390672387671706806477704578973828
7.36731837677857338797829333200663252507715128027083094074961501768929849496570689	0.00000000000000000000000107897941981580717645856883966820687367880901667589830525
7.78114164533570135041421454342347207533587237832227676010590413747419216264795413	0.00000000000000000000000000215840374740704918227397504541446095721050115169288659
8.22111226606771746881983104458641101596120271998254913908131293689704727646752984	0.00000000000000000000000000000202514682117850098066713062748039977243355923812286
8.69772987586062416351805393926904510712426793429486921629678478650699223229540776	0.00000000000000000000000000000000069933335612181507303114707716594467019184140084
9.23138494073865591357272379881914226424919036543646034047908794449785881498288985	0.00000000000000000000000000000000000005614519217609643842354596227206640099668010
9.87552700173676830533691705693008656966317671317804329684059037632786578919393569	0.00000000000000000000000000000000000000000032848343977914485321796000766015219636

