58
-9.97088817045746127821083337755237337304444109975086164299696429733581514730676515	0.00000000000000000000000000000000000000000004934542797516499368731846413088129858
-9.32876691649643968358647644549268689628775029267211570711158649786051007543130036	0.00000000000000000000000000000000000000918245261006642059097937913295556766344022
-8.79686597466276707945084604716282704378321054547253176211264983910244080416713773	0.00000000000000000000000000000000012302868650408506296197360768908987133569737172
-8.32188075064736276740807112131878674486066320628328607879684225213108131890082161	0.00000000000000000000000000000038103303738429404508065381479334941675037566113007
-7.88347569900414805074842565636067239658493134918173423990722480550038805499554868	0.00000000000000000000000000043288355988163839206912112314285802407527650287687961
-7.47117956892424757323448596335289403936798476823656583390904258950914349598235583	0.00000000000000000000000023018029777481823337805353563152658565579130369041582081
-7.07871234106607470060231749479774798032924980105672797562504338725141650732808651	0.00000000000000000000006648027661502952286749167112953121264496201084831847585250
-6.70193428331764081639316635501237572141770792831237969681121919809940781833214006	0.00000000000000000001151965104988100709883752716983746938545340773686253432303242
-6.33793325896862257153182860967980713811144687169780995840166848150676601911046360	0.00000000000000000128526450225462638100560206124795945486178356992465725122561337
-5.98456045410650478937899645874412536973947914723651300845936591665825478825099106	0.00000000000000009730521835511710017790057364144130237121765064102719086069498115
-5.64017082464968720923535201181956595626668317746573006278076025494495409230175680	0.00000000000000520427164657260149158333873576845400610844078100232899987468558543
-5.30346736909751170950305696466173637004771671546030105059556968727206966334553224	0.00000000000020297402247948917730091932207979062713695846709505888407970243177699
-4.97340240348449345013479113904746734134806837662054946090512493506337813244226173	0.00000000000592177738542894677708812525481230923053213188579939466605565596462395
-4.64911213840002157833275430253706615129426339055132725809539219858113862920723126	0.00000000013196011058824917734093431725275507204477408745629978481641005211470391
-4.32987171159594346699042894657135532960136403921175502971644251082404536626591086	0.00000000228507667662999070160587466247549185245801978521342423996908257625891577
-4.01506331469849943213387079927386037804929019263537232401305759100620597792126374	0.00000003119524657171667288655976743696038995054485297451166329307075295767309570
-3.70415299640809995947154748776727201966166534603850483090568598661829182949440224	0.00000033984745324530871711578520621502604011934588613250463045987236182493889644
-3.39667338574202945698055016997059698266344060055968420680132317500986476650294628	0.00000298513060917877171094435365879919175863214095615630394743078927298648449284
-3.09221055681401218017029494126744279518927814192533768637279568807653557568099125	0.00002132733945420073858220851248035468757594708873949272084822973347742745718875
-2.79039385364405429076659583752608086332775814697938176147469418467795132849664761	0.00012486893055641060808059338055625128723779822687075720534870277694698413531365
-2.49088786956586651797302294556418780987886162567569363159546660165949194653185142	0.00060296061313673322531751536603421672415125939592064701154973598079047103800995
-2.19338601926613033499420305277483207479734825000169921758951494617852643647618273	0.00241434545472970530852842448145907691057000913552230224124346254744924060146257
-1.89760530290607352805553700620539207624611721931705232233639378879628091285647156	0.00805345827475688448965644388496528192774707407738925613585247070094057724557436
-1.60328197102147622788972367474183217008868751164106364000798419712409825601197649	0.02246531415827836312027717700666502895717037621164378408108301030892484371468846
-1.31016787413660018606832640420878902849469919906092499118084839011297563348475144	0.05257437408931654429074444916204834855039034468089303483493488853081379609977465
-1.01802733357869672869005148092281350327176318864988598471531150965506759072293560	0.10348723259331930825539583535139039234960081008793371793016222122359334059846442
-0.72663440704649165884143371381059009321543839676287317052682529195262542954572796	0.17168192789310024821354051090965988061493070748470226333822120340244229269639681
-0.43577044873391353982788692447042574370753415920921545018712922598763242234785408	0.24039805219536926541693015295046344763219520480577641565290065266829801910479802
-0.14522188229810670515788158279392170438000219047324769412423912117975172670025199	0.28439970531426451268506537715174316663213591028111396527976828713158245113633296
0.14522188229810670515788158279392170438000219047324769412423912117975172670025199	0.28439970531426451268506537715174316663213591028111396527976828713158245113633296
0.43577044873391353982788692447042574370753415920921545018712922598763242234785408	0.24039805219536926541693015295046344763219520480577641565290065266829801910479802
0.72663440704649165884143371381059009321543839676287317052682529195262542954572796	0.17168192789310024821354051090965988061493070748470226333822120340244229269639681
1.01802733357869672869005148092281350327176318864988598471531150965506759072293560	0.10348723259331930825539583535139039234960081008793371793016222122359334059846442
1.31016787413660018606832640420878902849469919906092499118084839011297563348475144	0.05257437408931654429074444916204834855039034468089303483493488853081379609977465
1.60328197102147622788972367474183217008868751164106364000798419712409825601197649	0.02246531415827836312027717700666502895717037621164378408108301030892484371468846
1.89760530290607352805553700620539207624611721931705232233639378879628091285647156	0.00805345827475688448965644388496528192774707407738925613585247070094057724557436
2.19338601926613033499420305277483207479734825000169921758951494617852643647618273	0.00241434545472970530852842448145907691057000913552230224124346254744924060146257
2.49088786956586651797302294556418780987886162567569363159546660165949194653185142	0.00060296061313673322531751536603421672415125939592064701154973598079047103800995
2.79039385364405429076659583752608086332775814697938176147469418467795132849664761	0.00012486893055641060808059338055625128723779822687075720534870277694698413531365
3.09221055681401218017029494126744279518927814192533768637279568807653557568099125	0.00002132733945420073858220851248035468757594708873949272084822973347742745718875
3.39667338574202945698055016997059698266344060055968420680132317500986476650294628	0.00000298513060917877171094435365879919175863214095615630394743078927298648449284
3.70415299640809995947154748776727201966166534603850483090568598661829182949440224	0.00000033984745324530871711578520621502604011934588613250463045987236182493889644
4.01506331469849943213387079927386037804929019263537232401305759100620597792126374	0.00000003119524657171667288655976743696038995054485297451166329307075295767309570
4.32987171159594346699042894657135532960136403921175502971644251082404536626591086	0.00000000228507667662999070160587466247549185245801978521342423996908257625891577
4.64911213840002157833275430253706615129426339055132725809539219858113862920723126	0.00000000013196011058824917734093431725275507204477408745629978481641005211470391
4.97340240348449345013479113904746734134806837662054946090512493506337813244226173	0.00000000000592177738542894677708812525481230923053213188579939466605565596462395
5.30346736909751170950305696466173637004771671546030105059556968727206966334553224	0.00000000000020297402247948917730091932207979062713695846709505888407970243177699
5.64017082464968720923535201181956595626668317746573006278076025494495409230175680	0.00000000000000520427164657260149158333873576845400610844078100232899987468558543
5.98456045410650478937899645874412536973947914723651300845936591665825478825099106	0.00000000000000009730521835511710017790057364144130237121765064102719086069498115
6.33793325896862257153182860967980713811144687169780995840166848150676601911046360	0.00000000000000000128526450225462638100560206124795945486178356992465725122561337
6.70193428331764081639316635501237572141770792831237969681121919809940781833214006	0.00000000000000000001151965104988100709883752716983746938545340773686253432303242
7.07871234106607470060231749479774798032924980105672797562504338725141650732808651	0.00000000000000000000006648027661502952286749167112953121264496201084831847585250
7.47117956892424757323448596335289403936798476823656583390904258950914349598235583	0.00000000000000000000000023018029777481823337805353563152658565579130369041582081
7.88347569900414805074842565636067239658493134918173423990722480550038805499554868	0.00000000000000000000000000043288355988163839206912112314285802407527650287687961
8.32188075064736276740807112131878674486066320628328607879684225213108131890082161	0.00000000000000000000000000000038103303738429404508065381479334941675037566113007
8.79686597466276707945084604716282704378321054547253176211264983910244080416713773	0.00000000000000000000000000000000012302868650408506296197360768908987133569737172
9.32876691649643968358647644549268689628775029267211570711158649786051007543130036	0.00000000000000000000000000000000000000918245261006642059097937913295556766344022
9.97088817045746127821083337755237337304444109975086164299696429733581514730676515	0.00000000000000000000000000000000000000000004934542797516499368731846413088129858

