8
-2.93063742025724401922350270524359914619944858552163841017138178756502060069477702	0.00019960407221136761920609045254409645622571263800250009940928639711326294397797
-1.98165675669584292585463063976930956869491163403821859564566493126680309712144040	0.01707798300741347545620305643644567818051042485575891588946848278957540593702449
-1.15719371244678019472076577906310024345200475959761401882429843503715802595999375	0.20780232581489187954325862028570055759357602689703548672372168537131876307540591
-0.38118699020732211685471888558369141763186003151965659428040193913142973801838549	0.66114701255824129103041597449588225916846256367039666139430444036844821033910772
0.38118699020732211685471888558369141763186003151965659428040193913142973801838549	0.66114701255824129103041597449588225916846256367039666139430444036844821033910772
1.15719371244678019472076577906310024345200475959761401882429843503715802595999375	0.20780232581489187954325862028570055759357602689703548672372168537131876307540591
1.98165675669584292585463063976930956869491163403821859564566493126680309712144040	0.01707798300741347545620305643644567818051042485575891588946848278957540593702449
2.93063742025724401922350270524359914619944858552163841017138178756502060069477702	0.00019960407221136761920609045254409645622571263800250009940928639711326294397797

