9
-3.19099320178152760723004779538090912496896212223822944261156415016249063825791530	0.00003960697726326438190458629464254940873729641818060867681993358786689396318255
-2.26658058453184311180209693283762034855132988142540280209604934512498522707545118	0.00494362427553694721722456597763374790276965442118130169554123610431159598373167
-1.46855328921666793166701573924862798272779103563930109708783467583265472929693223	0.08847452739437657328797511474756631407490612927141972405501377496248797774929871
-0.72355101875283757332263986457941209470651921229487533560724933631475078643364054	0.43265155900255575019981211295602111747571667908745073537577117709532465963477599
0.00000000000000000000000000000000000000000000000000000000000000000000000000000000	0.72023521560605095712433472338941772507328993772592238860751554635292902992905435
0.72355101875283757332263986457941209470651921229487533560724933631475078643364054	0.43265155900255575019981211295602111747571667908745073537577117709532465963477599
1.46855328921666793166701573924862798272779103563930109708783467583265472929693223	0.08847452739437657328797511474756631407490612927141972405501377496248797774929871
2.26658058453184311180209693283762034855132988142540280209604934512498522707545118	0.00494362427553694721722456597763374790276965442118130169554123610431159598373167
3.19099320178152760723004779538090912496896212223822944261156415016249063825791530	0.00003960697726326438190458629464254940873729641818060867681993358786689396318255

