10
0.13779347054049243083077250565271118810799168074578329416336651137344596447646209	0.30844111576502014154747083467786069562872888653833744211555718020018556202932557
0.72945454950317049816037312167607878107607273331224924600781104880626782307305157	0.40111992915527355151578030991281951479548361696211301757496775516766091500023677
1.80834290174031604823292007575060883328306028237144815169320976837329676640434282	0.21806828761180942158864852347464672674277853841218894056650398132078664598285192
3.40143369785489951448253222140839067927315661420347322942676610218232692286669464	0.06208745609867774739290212931351795369590906568380209236867676030392386646299028
5.55249614006380363241755848686876285797406428731781382849047883362526360842904355	0.00950151697518110055383907219417199122586245040157975336463189708486803224513408
8.33015274676449670023876719727452218270943897203098934474462942835739543205324770	0.00075300838858753877545596435367566390179203914014362886506164014367761532732554
11.84378583790006556491853891914161398580281690946533587333959149527622015069710823	0.00002825923349599565567422563826850021282803316474437467711708679525932250866428
16.27925783137810209953265393583362233525599560303305907778839216500282735093259794	0.00000042493139849626863725865766597471235464810801986441570081254604829021791344
21.99658581198076195127709019559449397680673234000188778824150351169310637579899882	0.00000000183956482397963078092153522435593824798261277659065840951327670655869558
29.92069701227389155990879334079919517971067057751796016610425113530984960526845264	0.00000000000099118272196090085583775472832447360645810946112447692431304366686255

