11
0.12579644218796752267579457751645760861147652225314860096328099437901730031977430	0.28493321289420060505605102472355556296422204816788773224604228070162374182982992
0.66541825583922784167812783941987786343004655397682081009738140298414216076061417	0.38972088952784937793755350804809878813529931265825507351189479442606727262799060
1.64715054587216930958700321365305297571807374197794077910044669209560409103401403	0.23278183184899133394022379554345763680519341567300325969179348055467862960946281
3.09113814303525495330195934258585475112304447882441591227027682564213828534608909	0.07656445354619668640085417901324513154290766222758013755037568775026608368789999
5.02928440157983321236999508366075098029642790978373733419764238309381743871131351	0.01439328276735069509186391874087044403571884012925644693573304819437786937931180
7.50988786380661681941099714450009190992758019782584544792987302901688941106367707	0.00151888084648487306984777640042495760425358903231616979004686023072748980523341
10.60595099954696778055592164572198436779768375103757839861875645755844864751191616	0.00008513122435471922597204241706003829312641764564222416560996643627744884227624
14.43161375806418553532004503487927623156770948456562995121789775908841539781097223	0.00000229240387957450407857683270709239371696389813974643467964725689376361104563
19.17885740321467864781748539889021852563408505355739529828920157191141483386636478	0.00000002486353702767795873733914911142727122630443115602365850387597485895997265
25.21770933967756110409094477966838409089993666424145743816597585278861059275528784	0.00000000007712626933691320470281525902216885424852104480051413109236498974377290
33.49719284717553727319172593950405069499393564195603002914926703144150184081997683	0.00000000000002883775868323623861597777612167001496700884965159948074785190320406

