12
0.11572211735802067526719642824049422371981805287062374988817993965406817011941081	0.26473137105544319034973889205591622362705972721782801449573653276679096382328391
0.61175748451513066539163005304166988010662135550772798920875920814616316153435757	0.37775927587313798202449055670651731226678222486364120201116198194093446426034831
1.51261026977641878678173792686669724697360991639402585602847603071470352011764241	0.24408201131987756425487081827427035908378672395830690389597858864533724378837012
2.83375133774350722862747177657214345867447495670156961597027070019739825031717155	0.09044922221168093072750549346671902665930125389079043517194739275607085147395059
4.59922763941834848460572922485053330638648501465243861577537379200932903777547477	0.02010238115463409652266128678265289978523253826886586740623033880662076593132762
6.84452545311517734775433041849384078966430444886938967618289002675422196986619301	0.00266397354186531588105415760677727764987019561517711525775270311181280442642972
9.62131684245686704391238234923099109414214577315657578448090246644606910261268771	0.00020323159266299939212143286043774451931349565330054638431443377289379716223280
13.00605499330634772034605242940100198450583894553552296656055091050220147267773960	0.00000836505585681979874533632766396282849361973935921433708502353903953142240205
17.11685518746225572818405280075919391791401923047211574494264094974361905731568562	0.00000016684938765409102611698953261852855531069886570592581307939907397708365831
22.15109037939700566992189508366378801040772529870848456795651936651623343550127887	0.00000000134239103051500414552392025055002428920832443043666259197731885809124874
28.48796725098400031256860723252153419851162040232952598612024050120287562911471465	0.00000000000306160163503502078142407718971251807828935998768669121461506458716984
37.09912104446692033663891427635811188899333660480199944688519610811311719304764343	0.00000000000000081480774674262416824731186810280725120468963064206949167794957800

