13
0.10714238847225231064849337697722451676216549264832404357058745678611183631845257	0.24718870842996262134624918596351198900810536135331729549926633430900497652037582
0.56613189904040185340603634717693064543650022569105826839468967605237819407228754	0.36568882290052194530671753089319363626887674945898811110654714613031166879708952
1.39856433645101971792750259921442877163730372361205108035243256907880159568672478	0.25256242005765850235682428881492367643500480467429109282995676269227884579800495
2.61659710840641129808364008472243375356663092998544001508573562410100485369166981	0.10347075802418370511421863167215327983174023545365790712482402115880287202475294
4.23884592901703327937303389925759105279974895184551604626136517299938098342538657	0.02643275441556161577815877357018482033969796802955040569050572891576088249583736
6.29225627114007378039376523024982858833770238605175578109379225480919947513331090	0.00422039604025475276555209292643739217024376172961587459033624396414378447444016
8.81500194118697804733348868035684306686427645095044645141348620810680267580131508	0.00041188177047273477489247252708191144276425541065756771267656530179174185743628
11.86140358881124257622120218797043237377018881205967898032667687735573571667509981	0.00002351547398155323868828973007724462570881144013693863932169175460831943975190
15.51076203770375278184785329577053859367306227541050034706096872978294665593230351	0.00000073173116202490991040104719776103662803204329847687653007825339381633856641
19.88463566388022833320365946338539204913010388087751496984854550510094166416263126	0.00000001108841625703980679791509747586892687483903246937666103837060573513747063
25.18526386467775808429702978225982444033104262845422701691918430086615569221679793	0.00000000006770826692205898840646214590819846313712132270577918782409390613683076
31.80038630194726837136632835255259937852801014591268442726022135892378212787360673	0.00000000000011599799599050760609450714538199594551256131317795627520102637153307
40.72300866926557956589796670010593276916326409650080257241231426603675852901041351	0.00000000000000002245093203892758415991872268648481997653441724505000242460791021

