14
0.09974750703259757457368294525143373284960357983937131632286056067280530137656563	0.23181557714486497784077486110388935503069635758264419809424576749497799067997347
0.52685764885190289640458345150214051726345003885114584167435118922593730688169391	0.35378469159754315180233130127256923138093949523855029093367111582784888392694432
1.30062912125149648170842022115698574356444405475033217502144592388801703933857324	0.25873461024542808598732056114357272292888111607116497452467759335850179335905112
2.43080107873084463616999751038398317957580347293737927664652031884468325385665129	0.11548289355692321008730498867252380932725556441192311303967952936531023111885103
3.93210282229321888213134366777639017436772314625015104446762974519118275822496723	0.03319209215933736003874995871371427803653472769848301449419884347977426150410996
5.82553621830170841933899983898499269394592249287536409036493112649491778473358998	0.00619286943700661021678785967674625947466347256657018429214413822039407509431593
8.14024014156514503005978046052004001358114944271054082360173999092085474788815071	0.00073989037786738594242589090707999848049159240724562895305928787129648949952340
10.91649950736601884081305109040856291877602913410277501794555366759999539413691248	0.00005490719466841698378573317776670035454892476038309040826520699163050155421772
14.21080501116128868310597808250949236605410973382804106109972328817726886057642744	0.00000240958576408537749675775256553474125226076583612474173166863247556909219579
18.10489222021809841255462720829787187529915568516922628431083251821153339691951045	0.00000005801543981676495180886193039035130335400208508911213449192972927071122466
22.72338162826962482322808869847809339757338895351580134760653554055527845064009749	0.00000000068193146924849741196156238708364996507204353021614027568208484929893054
28.27298172324820569541589232179225943291321201010050777658189147196782099773477529	0.00000000000322120775189484793980885399655593646550557430228612681280274340273474
35.14944366059242658286431213637457836728295025336111339664815058095791895668200544	0.00000000000000422135244051658735159797335642667624911629480165057325636369075646
44.36608171111742304163124236656317558695305800170825054770783407729178575101007942	0.00000000000000000060523750222891888083987080628131607059296430375991697706717084

