15
0.09330781201728180476290303836720770027819707633045349300936013705834706401577612	0.21823488594008688985641323644811080021343324068445151647893418259657190410748793
0.49269174030188390896010179141240173099215246375371941601988508193506134664433011	0.34221017792288332963894895680668603182827472147567140620457276907638708199822947
1.21559541207094946372992716487900297498726815893770574270140031732160151066037717	0.26302757794168009741481227502195166616147477737942289338398907943112508686382962
2.26994952620374320247421741374817218856800484164787171177784728774557339459048330	0.12642581810593053584303054937838912877184803937971685684567321902219954509817128
3.66762272175143727724905959436028772903574309094107178455664287320641493791028617	0.04020686492100091484158547898711631574435425515158808754248277002608384664228427
5.42533662741355316534358132596053452084926239229277833547094351074834237402801992	0.00856387780361183836391575987649400017258438922612207039701824421861706678532705
7.56591622661306786049739555811855454823931080089993144916286943911394083657240299	0.00121243614721425207621920522466788622188257749122160892528960893517141768775313
10.12022856801911273479273945681716974341091196705874491745745460107248782504767188	0.00011167439234425194199257859551812341890362625693267480181637850779341432852535
13.13028248217572356409912041759653131018727002254845369604797454686374622929036297	0.00000645992676202290092465319025312414635484445273354395559498947781980680197413
16.65440770832995782252024084298359965395157534103060878576444852548774979753946569	0.00000022263169070962726303318280917937726215071887584934068919788512991159987070
20.77647889944876677291571756759343624770514125632719536000222132294595976793274682	0.00000000422743038497936500735127949331007486754981598763010455747224162882224646
25.62389422672878014458682859766984139712394032241147695031767231533982423893135235	0.00000000003921897267041089290384609819486023188583667620559668087578841790721576
31.40751916975393851524321962022140419634562280988966992595343887066544007391096226	0.00000000000014565152640731264063327396345530998285311241361150773694115515272365
38.53068330648600941625151675951619379893211974459478428405036428288897523061286779	0.00000000000000014830270511133013354616473718712776892067670532770945176556036444
48.02608557268579434657343085075566225939347971133553414770747688760653537231289446	0.00000000000000000001600594906211133231049978123698879519792148702867795064399676

