16
0.08764941047892784036019809734010346214195722693065543132777944498579670599221497	0.20615171495780099433427363674130717235457875691743754525858598610390021434173468
0.46269632891508083188083826066425379064771361782921578802058003225756510198274364	0.33105785495088416599298309870967995585405920020155642373249413693289557101358140
1.14105777483122685687794501810517843734439327381178217652150145822543991574274671	0.26579577764421415259950202065032894322916294970364214563428149131337334766339886
2.12928364509838061632615907065817882510367472385511195107946252144231860533957280	0.13629693429637753997554751352639761664229606279595282006493453615009174267176568
3.43708663389320664523510701675185063636811214239834440582111187864515651883018450	0.04732892869412521897806233927809943821896951410453245745955726284672483749754202
5.07801861454976791292305830814192906504105668358245222933556836649048109873422675	0.01129990008033945323124904597011732034481844267030341618067506644332719784139726
7.07033853504823413039598947080133779739071155079062600222020776294193413106962345	0.00184907094352631086429176783252064552740197470441123688061434778280944702438044
9.43831433639193878394724672911282331575968333157120860778543090279728146899255028	0.00020427191530827846012601833842122464394488425040933103442384654420384892124427
12.21422336886615873693912460882420282582600638860046134457999084103128984971836268	0.00001484458687398129877135150675506915802933735665420151152483933286449484692501
15.44152736878161707676477416221351017245615869386797769091814594000100668659594900	0.00000068283193308711995643955959032657755130052546513180393093424717261798199277
19.18015685675313485466314094973963152074358424593991333647739395543674603709297151	0.00000001881024841079673213881599204180009825542028438580921657659040815358248460
23.51590569399190853182318727515625422443143963364333904620778007918384373550553926	0.00000000028623502429738816196306262915599325258887127343316749327453963962075376
28.57872974288214036752061370987769956072023861264843893651974220567188892665751524	0.00000000000212707903322410296739033610977557212764122909056047644028218782001182
34.58339870228662581452768717775258336402119697661135981913357141954312202962825358	0.00000000000000629796700251786778717446214551524647408336957423939655481810906580
41.94045264768833263547223302518659637490250224811883120271821706038317941961106763	0.00000000000000000505047370003551282040213233303024812482452392985490886943820502
51.70116033954331836434269711967386662710157064980028203133351613096294976850647799	0.00000000000000000000041614623703728551904264835611619391193483674594301162551663

