17
0.08263821470894766905439861519797067770860600528201466253734029297897599146643374	0.19533220525177083214592729769660648796904011556474682403135600841837711024891366
0.43615032355871043637595902984653853079501377148793760036639916151995817090400829	0.32037535727454028133662563196964351327799167500229381814801834836731787639104168
1.07517657751142857732980316754885396018351047458479263850631906036428489064314688	0.26732972635717109723880960416048818105127992639916372931097717070960033087854637
2.00519353164923224070293371933204187336290663746687652179787345399655550625280408	0.14512985435875862540742644747322160935224442360501709099773002257116202659966759
3.23425612404744376157380120695755803449329179541306537675754057177867654438887490	0.05443694324533845777938058030656356600828333543546992871912369831010054727167545
4.77351351370019726480932076262402280751817984706645035801384877038657739757552409	0.01435729776606186729177672474306001348345258964679352519519547175335063026889971
6.63782920536495266541643929703318087688841602438174417865573579307214685778272678	0.00266282473557277256843236250005864834365839776765123413164594768226475690839404
8.84668551116980005369470571184228018742581580099939466484615862788306260147688496	0.00034367972715629992061177509798456036790151552735943093064529271750089022937670
11.42552931937335258697261514694354589363626729699620698346407710023153581882084474	0.00003027551783782870109437036411309624146745374808343852234046591290195197768363
14.40782303748131800219828749591822875223442923505408814346574169890313463098794391	0.00000176851505323167689538081156159300447849133409386998080783232658599880264696
17.83828473070114092906587524120674239571780095152215459178773119412053700510972811	0.00000006576272886810433321992227481616379053193934775705320396346051495387100386
21.77826825772226532617490805216954653877489116382697191435584563354592214693383750	0.00000000146973093215954679034375821888021534698219731978496404149465239636237941
26.31531781124879977661495983689921896978786022356449710703627649715297881415216079	0.00000000001816910362555449795554768613231192388663447728661245473377182403016640
31.58177168045673313439085174967536504506060733424721641012166862943888666033230900	0.00000000000010954013889286874029764507891796020320972223797241183754163684239840
37.79609383747710072860928466634547813682232086513696302911573570046523330454347672	0.00000000000000026173738822233704215513206241297887400059229316387880957988640046
45.37571653398896618292583632149211385771842645779552586897098307462904571790994963	0.00000000000000000016729356931461546908502237465194764204932058896934633942005919
55.38975178983961066409001997896731346187165611517409995020072473953248794071934589	0.00000000000000000000001065626316274042788152532711619102779311685620115001074648

