18
0.07816916666970547129867476153344202337022097955193748049904963357120539447764786	0.18558860314691880562333775228442514667679441116375116678254014515197263734620211
0.41249008525912929103910153653581871811771463132417157270667959334950952280084595	0.31018176637022529364959759571268110587215434668711014481017345480580452639767364
1.01652017962353968919093686186688557012064015694142469529090954672451499974366906	0.26786656714853635482085439478330817341593277077452870979246970645276578216918078
1.89488850996976091426727831954126484256455706280635363063341552434806772665073553	0.15297974746807490655384308205327117267510254177245994022842744961574442400701985
3.05435311320265975115241130718887372094627654531701680132381828894347531600471610	0.06143491786096165270767801034870798957229489509303831252917026594317925104635997
4.50420553888989282633795571454896598315099418730153234523101870977667332918486860	0.01768721308077293127726002337605809493901504753346405160852019410173839393205081
6.25672507394911145274209116326313254243979739972438873958106082224906405812497008	0.00366017976775991779802657207889509111652065542964587235874050386294195543555545
8.32782515660563002170470261563667025697364258028061178730325602468319522248331534	0.00054062278700773532312841631925723681871793509234550406318417605355673717827109
10.73799004775760933521790333966296316427852438555039670909584115265482967936255766	0.00005616965051214231138179290492940951264748984651744093665421377817668589631612
13.51365620755508981908638121082212739798196977975302403773202475022934337005500551	0.00000401530788370115755858883625278845653099640917442434027898973487659797136180
16.68930628193010593781839841627444758146647791972800020500818534305146667321414770	0.00000019146698566756749796921001132075616882032867753666868370901867416058210550
20.31076762626774285613137645532735844458330601338488423042875304449476376940028448	0.00000000583609526863159412918086289716742070795354182840279899385236909498161596
24.44068135928370276564422579804482604635135712018812859669317888028380450959567214	0.00000000010717112669553901277285131756213589577162353336475981082862893674297232
29.16820866257961613129806778045990261758906889844528172924116131305180634126546797	0.00000000000108909871388883385562011298291010554071210629855369161590962903427380
34.62792706566017214540124294382732935336061003153541515544310242016028199986363879	0.00000000000000538666474837830887608094323164294124966939360558724748097618992286
41.04181677280875813929486142838713822775585353331201680470032688056191004162159537	0.00000000000000001049865978035703408778599348461086119117660230173700104263270498
48.83392271608652274865860932900198802549058569944932936866979777916214912890406256	0.00000000000000000000540539845163105364356554467358258712714411851860279223937086
59.09054643590125070371578101807686548345840307540608611041842029270393891724679931	0.00000000000000000000000026916532692010286270837771598011769268768057637621704211

