19
0.07415878375720508771313699160242852742226324518313556481817827222845299875107141	0.17676847491591250225103547981457887188753348597561892302260813266649621375420225
0.39126861331999460733764835029947567663696238742784357683353287521850085072325181	0.30047814360725437948215680771196585809875616465302727393118852549011169168965491
0.96395734399795805862487837712951758199530354965412737790968465684118536993303364	0.26759954703817503077269544064796378448578174644752689386205881408758466795698378
1.79617558206832812557725825251543356140320298618907639374310086931247354168134802	0.15991337213558021678551214789505845585547343313054610696799100234291815805015342
2.89365138187378399116494713237446031574094793600920976875249428462578694856529170	0.06824937997614911345523553683441300747712482528560205595843430016309380270191331
4.26421553962776647436040018167299291216609886121261786886243993963328363522230151	0.02123930760654432492440621930914536346210992761178257679990404154158164270836417
5.91814156164404855815360191407846572307626799290900534270855759322236766493019562	0.00484162735114839596725013121018555529732573086883955089005642251294136441091678
7.86861891533473373105668358176278496539385684611389191392712406327142585670427860	0.00080491274738136676659464713820414790103900273929193394400739624992057292301935
10.13242371681526592516274157997814082287919059001059690838092804639073516044009033	0.00009652472093153501708431617388008649487437472044810795860245829777283268915101
12.73088146384239800450929796556017413179504502644504305087029366986783644080151198	0.00000820730525805103054408982992869271120388729086666887086124161068360428523930
15.69127833983588854541360698610463889619938117281092473824120223055607018061299117	0.00000048305667247307725394480667156009063795398462024301467742662078075445421818
19.04899320982355015321364297320148499499159691644005288311269050037332783511352882	0.00000001904991361123285699936156745517408972501329267854360798212981261457527676
22.85084976082948293239305866934912854587767912864846414943600854664908941300306092	0.00000000048166846309280615576693638027276214291946893153137733389725413955316524
27.16066932741144887899639471494844337965323164682184366705027235231304466144653780	0.00000000000734825883955114437684376840170950709819153394517445318097591622925786
32.06912225186224232243628659056780974575361750394123772095758927805120676842749280	0.00000000000006202275387572616398937190124230100437506749583910637979007649361628
37.71290580121964947706475082826840608962758142112776379982183032336308931599573306	0.00000000000000025414308430154227237186685795380762922681638280107864826425839643
44.31736279583149611960677360128172295783821074865289306575936093896693091567093724	0.00000000000000000040788612968257123500718746513409731009303908148346385266699929
52.31290245740438316586442224203632995238901236447989521655078568316021904407355710	0.00000000000000000000017077501875938370610041232508379886017958390424387610379886
62.80242315350037584135046906726816121916054967592237699226392587595497339790378646	0.00000000000000000000000000671506464990818995998969111749400989636192595449567283

