20
0.07053988969198875336668900458421509586936062983531006537693247574441750341742882	0.16874680185111386214922389968948079260392797055746451636803499295420698972855983
0.37212681800161144379424138876114663667402821015618412341582654419978336012285102	0.29125436200606828171679532381222649010672681946668894497084762334437097600481168
0.91658210248327356466771627707418318720560419804296628057500116277932072034611161	0.26668610286700128854952086899788224113897489875807022943399906737719183179424482
1.70730653102834388068768966741305070618793994821525460209658677345395735486849252	0.16600245326950684003146912781593693467646080322613018402289402286609417888175698
2.74919925530943212964503046049481338427561691740576440847229353720863636706002497	0.07482606466879237054006246396150169880881203130001772627162037971119630056636636
4.04892531385088692237495336913333219650665244703755615284823209282478061743555968	0.02496441730928322107282273832343418654084388352334212763849816480561464930617534
5.61517497086161651410453988565189234791775687664442716450733889301601875415131540	0.00620255084457223684744754785394667050038101380546257427790365524660729103778146
7.45901745367106330976886021837181759538447712017393631632805927340481066886922187	0.00114496238647690824203955356968955619349931461386432209488741445354779636950798
9.59439286958109677247367273428279837815063789421437957445279200396231030291500058	0.00015574177302781197477980951321413489534193567573890539709381094438007922105974
12.03880254696431630962340929886551586822755387367529595903753637637246164544574721	0.00001540144086522491568938067140480912010748058870909754832888872025599568086279
14.81429344263073997851267971004797567425075710564434748932939077390733824864094602	0.00000108648636651798235147970004438921902300091503368624099443679294316864155001
17.94889552051937601736579099261250964867800442919938949076178347089483523340433213	0.00000005330120909556714750927802443054340162815998832556709528350380617114527921
21.47878824028501097573517036959466921620975569710955144878168409356163692726331423	0.00000000175798117905058200357787637840444785787338281260163268568194832018330414
25.45170279318690550351867748464154183816351122364590133056602941354212591585765236	0.00000000003725502402512320872629245853379442037746648045062897967308550705417098
29.93255463170061200671365613516582325166056035059785534373873209595003168315127621	0.00000000000047675292515781905244948807161284488525265533915587325119065620407659
35.01343424047900000628493590668813958176592873259733056371930358204481450554229307	0.00000000000000337284424336243841236506064991389695750963200227471853096348918684
40.83305705672857106202956770780755267170765974919900008886119011069218409742905000	0.00000000000000001155014339500398830963962471808303092117566937843258190073798415
47.61999404734650213994162715285112111314397034257492874479289596122956300179463242	0.00000000000000000001539522140582343553463833196674024444631296869972763889628013
55.81079575006389889075077344449723562838531124833353939332085467291836948326938057	0.00000000000000000000000528644272556915782880273587682799329450037262751298072075
66.52441652561575381864031879146066597963491300569708145901753669229260360901536934	0.00000000000000000000000000016564566124990232959078190852910559845009207207632022

