21
0.06725781792316113096224150352221225043624585904351183901560573490998563755248459	0.16142010018163800893264993346774555150914760565196311717796517781040523333161442
0.35477289532351182707798994544852801519208656307019723853950774514990895953908567	0.28249356458299533678071031277416615165626315486679314253507987295724109109320659
0.87366016677864235686694028410726686458130204061451981425506877120259118370005073	0.26525457551389979160806416648325285519922259380580661846529841164460675304706503
1.62686994192921024632461631397947027063300421400111232516202301917075361246742619	0.17131939639002142843026765093205266824774425477355848007833584467844812154722511
2.61862641054554390883759173467041951061585901735322795530717888819875561931784857	0.08112662589235321425428645126453771240414874646887874150371784702143632144400484
3.85465213810975965853783371530030634236443836308866175696671924302799309159605249	0.02881630176776942186504478225726240906673044168501511233856632493938238471230657
5.34236928062243412987290904672081594990579622732021144593281954773813667133693760	0.00773423942611872646523454963208358534891561140898686666536817609102282704570474
7.09116881321967514221227310232620598003264079646041117704255442578711502997356932	0.00156748139042118775322236370438740762707776229878166786396501909285286315594034
9.11277885426970467039439647309020061568927795562821410166955978834123793495853193	0.00023842265876341355420412049981053291514926503107507591175955672689397438214607
11.42177176237838250805749315001691287126244199134513143805676065827033363697339348	0.00002693007343968618328877383636545773635358960336312619593240318504493548928114
14.03627069787375776548149120736639224222221990658866994009161932000130393876400055	0.00000222479079364504651195110168976384342507705302344814629154367611449650037769
16.97895269278383718983847964513650648817008294470943464866506094190588616490000837	0.00000013173344974323331686472187107593579551327189090340535412243622515577516301
20.27850941499374130546313870118031612031221477626497752871069108639515203527479654	0.00000000544395229064644238955716210446177088441385189974509965659368506366885946
23.97184558715147629001339657918478539315811051856291333135446990534909767862413350	0.00000000015163662051980612686301668437708367231442821154700700301963376544127038
28.10752860094430624480137123470578629271569997554958855765673859785871400184407695	0.00000000000271788311805890826058846444228824207547552589048921453129491799066772
32.75149741056083330611217942354816342617759813903386030764841001370058996173721134	0.00000000000002942519354071943802734293132950271522462208760712248183468482743244
37.99718781926095385427877798345545001011960839066992236506434737026721683231953836	0.00000000000000017590740357977160889902011594209867265050666580890590471652184600
43.98524575714221612382383001183251164630156229473012066504277915974270920234761020	0.00000000000000000050738022271720229564744203753603800803232084337709677335986435
50.94735118993992097367896872858637524443673249451482895827886212110576463522677159	0.00000000000000000000056597208703242377327976598022006127672907034799995922955891
59.32599412022999436790592313179212680290858675352317312620170930791393807041477332	0.00000000000000000000000016062609247992960041572080032992440024815904726367465261
70.25568862801893699945815808402924766276449077792731147933751435396281610113169874	0.00000000000000000000000000000404413392711592122615239070204673232382869776181258

