22
0.06426762874480890845026636713450490453312330653920435728326606253874497827626539	0.15470198763989337473004139523350831388560149271786752708355796352404357847924450
0.33896725481491102046885298434547623209394909157726261404720242795820549449393781	0.27417508232856468306513908793557480142418038470897756901508008452961927865459605
0.83458998544917840503245824784160882773710214866766317726771483451824715320608248	0.26340970153563371831936747290284912844472337203922733330023715630106373901024738
1.55371338675002609217387323283937206603982670519988038119054727032711913418823717	0.17593460926307254277828108552235279039095850567646962216966593065256484718352722
2.50000623673617243590440013697206480769726246970776561693870879948098598517838574	0.08712562217220988015940058153692098820809156756314273816582878082598819084227161
3.67842034446363702697414380746457695953763837930159319880883724184523750520511401	0.03275268789653862030981801165514289524689750636595994892120995296440010662234621
5.09534906896873814997580580848500772202727739772335743317773192101337124603037296	0.00942490025699826495356414241874488341202877608168748266983413883905862502168134
6.75883551581354881389217625428938209809558006812409208439132690103049303565984093	0.00207733575265461580864742184185797442853066462695452700359620617918655397482385
8.67885331367842745787559883708302981010634547869330070570681045428925969001451536	0.00034916737149230085876168044449659918107542903596959738243229046046813771393371
10.86768689354057162698100754773627731024325221682707021038576811310440935029590340	0.00004438219314066142738580925051430753325452215996321576258245413750314622765397
13.34045105149524057248000663083141608888805483319580521016753480810715037299287224	0.00000421422990110462037674580040474037218088756769120025470735606506352300002409
16.11581133876631155961757196307000399690929120999238746873108702246563366800322960	0.00000029406682461301561654688885844321091837536837398014940974982844021621508854
19.21700368490135427993579243686777084036974040673917559546907481921627567706326742	0.00000001476193826389743767885648967204270929857199863263605080896483180246793106
22.67331660143459009100612540124430200489198304088895014194900149324106991789853239	0.00000000051864230257248612662450961913280424826906808167654834257392717814246167
26.52231958763713793922574116717476983429190874049193540673614362729645853444467657	0.00000000001230526251554412813220253060483251209123516084131881683904009411699029
30.81335794450655812037827233472348365008571061238881946048424860016999981536319271	0.00000000000018804655096314732632004555460777068686473928955884472678206654961963
35.61333520319617003430628711070282591806118117533868582466129063232389612425264514	0.00000000000000173556413912683627856911385314188440426612938330527896313299648240
41.01696859847168530214606830921764398696400500088981821801159440788099465586438182	0.00000000000000000883140230832711454330286321124634948794587795057488876432494238
47.16675784915352045952347723920072987529372898942351339359839871294980485111290480	0.00000000000000000002160718646818199775912872943884573239281791086698814934911463
54.29738525657888423944746329201335365891223038982822856405781527402408485329574956	0.00000000000000000000002031119967583329489305075735339352907609683572345572832918
62.85709624629902923879994140477609018872199731964588714677385150476413608462474774	0.00000000000000000000000000479790352099079971491324465284600838446493597694109198
73.99550700859949822540466948598630921849881101881560379016204507145442187253514476	0.00000000000000000000000000000009780246506683822835111083521747456651943643759833

