23
0.06153203775752033806991782580273557434286073038091308031226667700716276774313879	0.14851979908204655866992104593187344117280526253650235537417095929836150079196127
0.32451132915455278205471281631963041134725959122788133855557826723268577615347568	0.26627634222202902510462652782183153124595614768226586480786473160748639620935589
0.79887396869298369419819664462349091312327394150542808321576729589400613808134516	0.26123706746535064580912208812391902545722938077118581804095168525435037884509881
1.48688633422219721660352678422055845186021943797651653442212344492666272745324820	0.17991491403828521367882107855719539336236712591585048750923830729927596186971495
2.39175582979276777881293677421936468762014065273359854600313222160927820306716315	0.09280788216398897393243928122666900883270168459299420686642345841056130340748677
3.51779744250353322347402501317360320928467740711922961095015545469595165514708208	0.03673579259475959249267571487690194220974738110594502047866589994855675363239248
4.87056036873345244979780197948652209988091634107551880864894191337085092741729027	0.01126058922254351810336097555935310671411740006415657821262428472691868048686347
6.45699130676773990879899090860430149239089892266046119507299693913201162450264087	0.00267754014312699166635634727689388595823465063082080097674082798412299158012651
8.28565189259800250615841664706396423323206657216780960060248701612120720306292809	0.00049238967286655793963802036023784833676605347791691501184401368476390679790428
10.36700904344576650122347657716831131107839316723669180882044425905413472433101620	0.00006956649894243933907767414139951981937241565521501275428151342288182951632480
12.71382502816259449123810443667968106744418613437132579964097635668826807264097561	0.00000747636152313409928457310803688697986778437175226989919847527595781273399875
15.34168757288850922143485154690661855958212232909661154943996439588222743329013270	0.00000060306324124629508741877844037772487491444737884172133804407232778563299756
18.26974239389598994060141246439269276465617784364194277238132705896833038802057220	0.00000003588339690021509399175474722148374699524656188303692029539167521409505169
21.52172785081416345822172543026592057569521960850113273185202379120047456209942114	0.00000000154055124006113601400010215915813164810244952781449605369212578412941733
25.12747713011549722838689803602895609383977975630434328497384469625943395602090127	0.00000000004639077530349056598779149718595852802803262079398500056950171967180420
29.12517510875101531898252333355253628230319899489187911699038908296636240205821037	0.00000000000094469123741313741336666564309084730476230740094989232088507933677355
33.56489656311641707259773688621068100879444036076147985266633646137760491493633740	0.00000000000001239741169314350247735102438830352120758075394073801799567617598893
38.51445967718071445215898589686530568634528892480852596577138784240004276315038313	0.00000000000000009821168268011602300453776706346980133155523327260409863036452891
44.06980781487121376958921199853552651536374142940880789550241575598366985718667646	0.00000000000000000042818468449835182739593436080569787534028036456536315502741033
50.37522660304374905291642506110870207166705237855953988551159505656890798707919997	0.00000000000000000000089432388362971850802178634599670922316838060815858126421535
57.66830435043412359337472796655012216264645402138023049823852825992374266760573264	0.00000000000000000000000071293967953174463112656137867095797290328590269426170357
66.40287306834517138450303915451560135241993766071805960985432939413091410545202804	0.00000000000000000000000000014107671088952282770116801021517102546012916733396300
77.74322728471232461680235581770517347508169379347207243057298835860606914350010061	0.00000000000000000000000000000000234461476631166095931125453987249859899683491761

