24
0.05901985218150797697297965361220148172639461301662403980694820387986808577447111	0.14281197333478185108176760216640325128367810529334808725038454923158656978449215
0.31123914619848372685700619042078390133087595017521825876547396807599830152204191	0.25877410751742390266226612664730860218686256739493879357084071328538105424505109
0.76609690554593664623877953395693431909998007572916600065340667491580144490323483	0.25880670727286980202890421481304326721885274148666734971228049414303329465651702
1.42559759080361308631349091388937603382404107310039031989309256646773627029018873	0.18332268897777802489449881023938046805736708367759384752600092112641990762619677
2.29256205863219029495204873720158051677228875387421730411085593859507424163418797	0.09816627262991889219336013135930772684950123898990824399384432702893573394128785
3.37077426420899771619826348266894698851538408215190923199601599718799322233761899	0.04073247815140864602478380971610346228639325785017976927543863989556643895722368
4.66508370346717079205845386989274085488496413398720541798402514636162883945714303	0.01322601940512015668736212303177754373685378288465018545344225673121231000020554
6.18153511873676541184349133097114318038895367914749379196675204631895354175766965	0.00336934905847830355195195325337875649629761284649049242018374980255983818889897
7.92753924717215217938007631016171044768131590524416293845971042308583253915482024	0.00067216256409354788998660813664615656261792167722673119995034815545546177639705
9.91209801507770601882725231142967296120525217331145187831674720049615254950779791	0.00010446121465927518047486782634969697545129606795716238396743437692047832421911
12.14610271172976555006454846919423380809445374108603032183036102600829821695621002	0.00001254472197799333320677274658894018747884079921878375721155623612234676363976
14.64273228959667434228548046795952247002983780395524231843119867166800154486744401	0.00000115131581273727991990362557640365213608572607142376770392928910517174092948
17.41799264650897872631832357162744246122289976729451239294369194283682444654475511	0.00000007960812959133630257154728478878125862016380381902279277461676379298176288
20.49146008261642470682594323508119926189346062528166868004205112450220965271149939	0.00000000407285898754999966522458119015568734939564237875088885706321068851527879
23.88732984816973317532337867808132664578389693792926119745855503467325591935858250	0.00000000015070082262925849164284134819195189383064890735576430139658953266038806
27.63593717433271742027052979481480113491956050771073005921459799658884196880617923	0.00000000000391773651505845138520896562725320186194492788015183315866207590639681
31.77604135237472328835800427517490435894434999325472018892257058862015958803127986	0.00000000000006894181052958085685753859449919775479338996565811876160178737562727
36.35840580165162165310702059077812187632851593439098164215242680687810476317310550	0.00000000000000078198003824594484690978859724923198987577990260983630148836333523
41.45172048487076705071539886023483788097082812961116165162895874623261023418094841	0.00000000000000000535018881301003760293668978847637206328125017992204651586919121
47.15310644515632304137082679567011475246634533449205686492539228318094937940931557	0.00000000000000000002010517464555503470901613288958395387456089351852264079138012
53.60857454469506982379107535584397291844811537391712629536723583926096872203160280	0.00000000000000000000003605765864552959039060041489696934352238645319691021654066
61.05853144721876156380814298989170340474155025557299484221822272731221716271340458	0.00000000000000000000000002451818845878402689017934319442681840884554270931696184
69.96224003510503043148778189479815930199400528228246918902898785580573918122928000	0.00000000000000000000000000000408830159368065782316211913426807004983110420294117
81.49827923394888537663170268664456903873272987348320517388272119104678018364721864	0.00000000000000000000000000000000005575345788328356753087317264707543214779513748

