25
0.05670477545270547628022258927817782761927571425169528337371249122534162190565575	0.13752601422934434354915696557236793997320939668494410751061942320971773324626911
0.29901089858698855074649998715875050037572029014019942457620260871085033283373425	0.25164527376491023565086573663660954393559315410533356257029982385618661758499342
0.73590955543501610544487025096272680903841554083489130961446700397097540959118766	0.25617600280975589648776000768989643926051958176697594459625811096685976664927078
1.36918311603519370211818783054029456543229247872841865867664865402940434462330283	0.18621549036243641491052037537527945972278127867581738755938570568083880881086962
2.20132605372146755849443023755687185766266497060362042731390337967553078635160477	0.10319984810752066235850669609812183539831056493564918086133823982279666139180856
3.23567580355803722878142074343986055578454360429659344261017861137563933722618631	0.04471416112993353028294815223551001993101693958297006924057442649761516500303754
4.47649661507383421580897370120751127503072582170977025653784906045678381244774600	0.01530523288639543337138875720524432760734268622021720351202910461450088921368754
5.92908376270044792759664869721631102914389038487191414571048644591989024229089963	0.00415241463287707396754339259079394936775707668386972688119840433236165604692891
7.59989930995674974534200926048422255438861374266032679503551592733222232597977954	0.00089209907325968119114194059588498095783498008045417466327598852964359568100835
9.49674922093243447889370026245674238477153292109118192138645363154690076905355626	0.00015115601916424056867358422333736859645637760320299567598420663985376310459018
11.62901491177875268230390494941589292739518237508726159394163139555868296810131446	0.00002006553180193295733538352567084959445623256211019561108431610176650387914197
14.00795797654506764547392612608490170706991577201469508720503068561605636028286694	0.00000206777439643187785656444369501685244102660455708249467566758783322959118632
16.64712559728878269072550623658079788752312574326102509972266148520079260127309535	0.00000016346520222911416855574590945030049039682692809015017385534037660368067058
19.56289801146905713828143557080845473842875747384857392927812190335896762576823558	0.00000000976601506212447763240530826004946356929684246731815517692119434165976835
22.77524198683504098314062484624830547010638663481721752635252138662782373046350641	0.00000000043277207941849261396167239834906860839768830599118335287522208233534240
26.30877239096888682225242188708053535401577326964174075793595065773625952538677016	0.00000000001389600963389494367329351349735765381748996828579932123254897856685706
30.19429116331610519084563407843535819138349837186917875605592670176138576407419270	0.00000000000031389227925399255267342462247162733053547194935736769386731574801487
34.47109757192203444022890220721180229615209933245340370912736518059725939911853592	0.00000000000000480261482260420497261027387550508414423941404818789016336404448439
39.19060880393742085575688499348044263934946295646832345183760943830976913177683544	0.00000000000000004735885364807236529612370021104868318829463869259656083339770256
44.42234933616201880906166778002491052644967844044559743615759408514371292997161328	0.00000000000000000028142053798430262038453816552200270941346717278859750728630206
50.26457499383353929335786320857969541411871584685878169219250677449420177799605083	0.00000000000000000000091649543959911408165610256538826834951538215760939418498370
56.86496717394017628451170615386276104601849771984108520784889019434837864470711659	0.00000000000000000000000141894000949722275236833528278267070114443893025901753487
64.46667061595413477160050244125008488792467001032110497034346173054475211149780703	0.00000000000000000000000000082736519440992071970318782318800421370421740412042893
73.53423479210014908519474873822971335716028633334962590356530167865529330926046249	0.00000000000000000000000000000011688817115427650659955364852359341411259366064780
85.26015556249595831775730722240487419765627425053377321360000888780312513801794380	0.00000000000000000000000000000000000131583150005912550014970912110662493209447016

