26
0.05456448271790853595412049879348806191276171611162919371219960736237836612848378	0.13261688414760198020502351239235947363238865144158591935441823758138462699634591
0.28770797910612360711728842795962585295301517848278136117647511530644826206260388	0.24486736801629243535729251627855820872314896657096228490816353361991860443023621
0.70801601947864492234285357526719482655740929631295095249828335955052208590220794	0.25339202212712557567739329565327908984744906259807532730886172443390702159185907
1.31708136604384413971136156979876967419823457435930354609011434939242875635893289	0.18864598364175989419812234640096998129192910476234261616321822275577346708198588
2.11712094462846925891431447573247538547947291879998058216576686226229409511481996	0.10791234164258807281714984653751252240674841326021045404923762824412115790363000
3.11109387887793412193463146350706208907060229650742720490007706535688901372338315	0.04865656544892179717949797186213367821336022385525722562621338618215599028624905
4.30277087604037028105134271580460075169256978712096331543803635022615604109729124	0.01748213797848942763926834774776962281516330910657093553507492329034339105533445
5.69681882616946593099430055977935738506289754498341302978978447777436996220076993	0.00502498383683131229193333221585210309128962308675154397841821437548865267284571
7.29890996307018320330184486794737988242087247294996446078161794092624372348026605	0.00115526916074960977129124652050136967783536745956467488129065661410700140001520
9.11586289729421475016733107054687415103867254044685862832050272801328700140679140	0.00021179115830036047736006216664940075057003330797570560212450931286857097376123
11.15582495493751050461455624702264834698299297709926480181222914849230790796628871	0.00003079252604171513129603237931894192142077399165004525812402804853085786590620
13.42850903245920412306614880190698476972057131919428595712522515863296026347105563	0.00000352344009102437003917600515427574056670373208271411945024591794872095741207
15.94550394814331892625350617457501647913092586525856975939768111610032195328417948	0.00000031415563253592458952515946251750814069976006174167930749880579710059260776
18.72068614546028472110751782781416307122335554127711247229610794659964173929701522	0.00000002155456814403710423081226870538234563371772686949042228384900402026099177
21.77077460854143571312542559329449418324834640345169776780816573369754204875786300	0.00000000112047811767047840641847613905281579142409303875645994686878833916471406
25.11609366231673771008184891913851514168962286160908887366024400787476413414989693	0.00000000004329002405136885272650915235768388564063723910784500705097195813613946
28.78164687345016893161346821284141829896186038240898817812036643641882082382581077	0.00000000000121368915983720524798694772367058337396633591926631423391453569335942
32.79867321840997631832842823717897060809494461242494033734537290280833909959955499	0.00000000000002396074223261299442036380948807235905786451406478853122418725929934
37.20698262961282714953967252658486102680960499545625709469571265185485347381842147	0.00000000000000032052185598316264353112125766741146340650196730349796229728103551
42.05861592443453381018019446068871192108592589016661006337136958353256194662572886	0.00000000000000000276249415060793681862282710058909859667002646967975602832749513
47.42389935628152926272636735913333771697089401026622917027839661445301194907421193	0.00000000000000000001433064364072728785251225133476220731552356799807038574927576
53.40218519725329163772214100929967209466351485909151411637357678219492464656798961	0.00000000000000000000004064844694113033583397139204792413812109728754661427002547
60.14277569007689677356673611711376358095578028407484214112020014580336154572913426	0.00000000000000000000000005459513322798888517080883939205198273870818350699898803
67.89147970545129261190028024535180551547906865042623955840220933305909325571244808	0.00000000000000000000000000002743220987135326424447949998408531857631734626137833
77.11799906933285971673856975630513521763640877499578328118106471862036882849888014	0.00000000000000000000000000000000330023047815207488066628486021332878525530670447
89.02840275041097333794574928661367396695967424672330415213921986368610907614597071	0.00000000000000000000000000000000000003083752269585577080147214120713036148240449

