27
0.05257989820636431172376795845574017256470425320121924214886375412659554934576600	0.12804572690683746145125007609562090967869666981880653098352552443105060141465797
0.27722910598770463964023268308813023426409726163003813208033049133409951564860892	0.23841884939414312646007279412691014331297857428487920398079845460483352482551445
0.68216391137800683477215875117594290381695314771101676557920406953486002003104655	0.25049340652300296789064147930874582264909353304537905778542724323104248683621399
1.26881418075075680161520648187689367045734669900100775639989676681928784885504413	0.19066206759352427455015740737881758730936574460699140402201035113814486531050234
2.03915927825048551358635093814730761285118137570480073127908616274092568209587016	0.11231094931185077493134200853873091420307327736972825303450596780516002114303396
2.99583558187516403335486432425856858431980786387566453504513326670710417658081743	0.05253938547513214755499275842009445153247260623721418256430104775477505542181908
4.14219448256324676208508813846068078034170363188024210441699142156493195397420798	0.01974092327574447030112455487039023881270562880866294556429186017190071287216476
5.48237171604906782765542223951926863792945955309728389298965715287396128045873537	0.00598411355570099145409357406745965120920490833644421878456369270099340678321022
7.02137602460555116742774894767858129071853215685237753941488099155794167032481084	0.00146415036092278781957911432152205759020416588764893759127718006391722826306598
8.76520271685070955693125398728485956385708178095441823109764808499007797547619639	0.00028849800396584335299904422849236725138054275795246304139426042363369643340515
10.72097904599684723228422761595222203183450108454612308892248716738716363860477692	0.00004557654440373496251019477038773098249328586573435551255348654667239601449177
12.89715090190976049933386192296442561806459252215623717709142081484731266869232416	0.00000573575611919086917636657616394154539248323579235060916626079974146112187415
15.30372419706892525004225960698903981866059033148586118341487164487589061086998516	0.00000057020970171393813550145950811891172859039192572163753203352147329638229451
17.95258016401065970566240934456609146099916906389689473835497937473695562661734794	0.00000004430769157632117040865253853539141639162123013567126276856935412378792797
20.85789274347117196689091217547086730747381511187324037615764356970066585357332604	0.00000000265616531649379943336078633879366562727424776314974295077005440706172637
24.03669038598311296699114579457435507354549817704681187830685887375393673035493411	0.00000000012089475247687209827247599632032768102705137509942107551983043718944533
27.50962763367577686658173838150138566842860403347490761776975024063451311721457574	0.00000000000409626442759012718989884619686782562726474334351988296671517034067277
31.30207079202105554440069094090943998247736276806206107886519396328098071359741109	0.00000000000010083497673165065621716719835352739659186400002209964367441104290149
35.44567066613285712513311059052436602216661280679195662618078761665876270066130590	0.00000000000000174905175111537015908930247587035988520464075826604262251607328181
39.98072262112670365883250634667444009730711401198544602216396779533071321516411097	0.00000000000000002055967083261496168177707823776875376102989819794996419276916260
44.95986478533798366580615852388251109567203232031579040502256541757846333054237314	0.00000000000000000015562957367237999155172738804673074734982992209541857356149928
50.45419615272771441283543582176934758248006348812157390336313688220768804847990547	0.00000000000000000000070812651779011907449089336738285571577521686428926272981864
56.56413090151834441846888255105060817412415229723172061189759391850829623043253211	0.00000000000000000000000175747201042860186279889593974246515559032681874319732598
63.44054668468883016624972030518855699488686203978602361716744825279291789062500148	0.00000000000000000000000000205704303679757968437959215203054421177037541872545773
71.33184805516010058182854208066662856027534077871174750578736544828782366040353924	0.00000000000000000000000000000089474191153692017126374103059602755049020036413000
80.71276384709605438365449064113918680021493015938268426357066039510016870997241724	0.00000000000000000000000000000000009209310916917907681818856149093759735765109140
92.80261352555704410621181290623055426026789128122285097551157646206796158140302953	0.00000000000000000000000000000000000000071797423782947117356493579945643268331030

