28
0.05073462484987388759290754977569871967282658749497502490744305161338023380169045	0.12377884395428642661472142754061973604436935980612369254150205025500281314245689
0.26748726864074108428933027848280409194150933693114550262946362882487687809375721	0.23227927690090116144668875568925035985412312379705868515675291758310437545844585
0.65813662835479151933283447127540367935563353407977981772764288899546713015925046	0.24751189603647721186627025931109042208720082928051598995349105237038898605858239
1.22397180838490771869125228510562137055600615091748224746356204342439153948913179	0.19230711313238282667242009721315280734472829510451805386255506600793116834017666
1.96676761247377769979548947339331851821617694707139130465662781945743708414462348	0.11640536172113000645671994528654476802903127156199803877574906419708375234130442
2.88888332603032189292675506715337509945157373096526468766950399758224929201728628	0.05634590536447730651740253869007195953437804157937225361857276126625360102073078
3.99331165925011413615885182439332591684110901072478180461704201040824703982001115	0.02206636432625880785812633239273499643735767735535789113981310621126149093245460
5.28373606284344256280393935868455364273501232906366332371457876917600413123477213	0.00702588763558386773314243835477082884389581145029927156970590867392129362781663
6.76460340424350515516974760104601855545303345165391837832115010613109053336196970	0.00182060789269585486747486833559332827196364317657093343942949986617963452816527
8.44121632827132448858432855886905551053511570448089275729672996941798675838656166	0.00038334430385712317659583517836535796273138031004019748942047634084718115453834
10.31985046299326010390629096060955204629299133742538386678998585942915138730613194	0.00006535087080694398307920225180712343291470742475772893668169254065465893080522
12.40790341446067173866755252496980535423023363756296556939502364027899844724863592	0.00000897136205341076834427256159125542276115895280838982379928662750922093277352
14.71408516413574881329532154499248864426867002856861610977996034400373516968395553	0.00000098470122562492888699820232963996918677397606841096805531797257434457895818
17.24866341560805626645782382066961036440786899032848998472560670398143089484200624	0.00000008564075852673042446202424968341303390303450180211664564023023324547218778
20.02378332995171275067686226547683470251593288154787450086442368926043845046443775	0.00000000583683876313834429065764438618281029095969805012974508823326680466885591
23.05389013503029597045203436102067775472469805929644319991473493070450162770369050	0.00000000030756388778423022836060598055423737405031020420920900877661552772787177
26.35629737440131761961320332286982609531226918371063128342963176071106554427464164	0.00000000001232590952724422820154729186305475895244602933679083402874127262994049
29.95196683359618210877074483777525149675646358993332071626065644765202848506136712	0.00000000000036821736741083120028319604735801679672449297672078865036927531100031
33.86660551658445921169617596725883989922717928159931267490615490113110114726320908	0.00000000000000799879057596890965249008344768691233403334172219915683740931583880
38.13225441019464677889956002199211535550021730013778335895221296463687793370688932	0.00000000000000012249225003240834109164374343064203443594675186170784895912117185
42.78967237077257627007708784616905824819368585578928765133459874588440735547526939	0.00000000000000000127112429503067373628173500746853287928689183059696989676528585
47.89207163362274367335234803668644996908383595269650934696567728606530623600761078	0.00000000000000000000848859336768654319957710455398347823109586301762003743261311
53.51129795966429420543455925783157124144672940899356067816739707466429416405850155	0.00000000000000000000003402455379425511847273073112666946794659812990491932055341
59.74879608464124082196588327947225934665275104878722933475915793611004444028038301	0.00000000000000000000000007420156588867485132357845092684842947995516153675896872
66.75697728390646955371385598652965034747331437812557279224845063715638992509049348	0.00000000000000000000000000007600413205801737693812605825717134900816731713839387
74.78677815233916183487782720306313522742303731166065939800726300485614543896768078	0.00000000000000000000000000000002873910317940395814310793624461037476629420400831
84.31783710722704305554308529882392493019147419694641428759303940275396006028863190	0.00000000000000000000000000000000000254182290388931800429949616164119182715794393
96.58242062752731907725434699560977387154065077350665039690228038568899267176740977	0.00000000000000000000000000000000000000001661375878029033961048657959315592815714

