29
0.04901448999471364642204456291956817638701972843789403341125383336592647671860002	0.11978686722479543442310301325651685056734275984317352840996918068519606665872135
0.25840729791877858038225546374831599679902343415947359150066081186641467597001801	0.22642938894472312827520150206972072971460911318598419447381980256541576103028367
0.63574721580068027187867598188281152481316757492398926316229736886488715399975132	0.24447356535568403025551844073046273558766788068214107047213368816858218838144119
1.18220105562484295086721622627922335697667861717256510750731983667702285040563371	0.19362026449763877698147173621399725304139929633255642477069348217218706002598056
1.89936649800268238501512049938546689283902774017116146830654194161977315679996752	0.12020699960179554665452508087344132765658183250954472539882455751756436752335740
2.78936353835629179894929586934921147083501269096117099994741435712905196548083491	0.06006260605182276887870879967563541862619678179587308624302984826722068061904043
3.85487615819529235409175340941962531684194024500884015691921039943371548433098221	0.02444404002270856522411104243419827650796788510324958915825238740209628986541763
5.09920008869860053351814385056992914529991720075145293279695127355192797418445039	0.00814562487028610735039490006836774022427729044236113723634922222691260564689302
6.52630288519290604025711696821686158782247985993266693620229151138835461478476561	0.00222589909606703224645070944668035494251835101173680870316049064057494217166497
8.14089973322303202295629543166772177897924769387243828399268807206924981939917228	0.00049828632134452034355466427567021656781767508166685754178089425867099903414328
9.94854889363488480469506387128154780626506485489374814611255753096098052511915775	0.00009111348999272708019619661924045135224929575680876594817580925288571376500578
11.95577194404263835454625868941830502375100868013109995395268391816261046395401302	0.00001354703463179088764247547309340230037124521368439491287082139301139343298889
14.17020584332057545277159580382731700251035689720312969911454785226907510266363367	0.00000162785000502238498683776014215691621023097746017256897166556672211716220309
16.60079655231566822967884741743030902260946979857930674693608477220128661999500487	0.00000015687206990177648662987089063031361009603294676364732878831916705423235772
19.25804791313072676587611772204793525630644796627595325492830119252493856211720448	0.00000001200953310119911751341861979084623574392996584078108145215718745370975431
22.15434543487159121785414168299360860365218924682782387061092486230602642484375354	0.00000000072205280676333159578551019167039178552614810318995349699277973015555252
25.30438376305015381509308074686473156846368031418770558549690291221482884085700373	0.00000000003362401315847901944865972002526650651614457427935097784502356955401767
28.72574102526642285044786049928266253880956849048479856725191116827650109787914659	0.00000000000119254790566220795970054490505373510793367340853904526254890758645499
32.43966674232438289735712499387345266851287444978969304327926227658255328985310059	0.00000000000003156204723862713347499982528395593171392520680628093977391996059232
36.47218971363947774080910839120259214059073814420833341374763991801193820269339802	0.00000000000000060783312942285316943960326762709279621661297527735425273136249013
40.85572233672914433953050426085161504368975911066504597374187943836491316476140210	0.00000000000000000825429834747163218631711871916146577193088527387181147157057311
45.63146770127781461563253964672878192386834021249497386376029585782651230874179812	0.00000000000000000007594039930710211982091359936551588710368181063461670706510539
50.85319151599018419292052464691396901022671444126747677625406905536200835335115741	0.00000000000000000000044924215049305739335193351654965746323469844655950478458325
56.59346289666190828465793499794730424498677922046523340380548565512802360831918813	0.00000000000000000000000159263681458786283364637054369329258598140406417565207487
62.95472850114926707717751309673581499069361368160920521002928251137028515188610794	0.00000000000000000000000000306400764046324193406609368116309488292071170565541809
70.09089459642417538630827720213893327476698595151728769775994510541722194508899620	0.00000000000000000000000000000275726695359834639019306260068144898543978783370805
78.25537041941044089309353163114603910246634557681833819548318508950644662926977837	0.00000000000000000000000000000000090992518504373094716307631476743772419309990226
87.93259364298612719986874351234992287355737444367732054216236907527782872923298756	0.00000000000000000000000000000000000006943730710008838388704370965163193727461664
100.36749160276659529734331292352642265667917373351187328182604240226969680729899194	0.00000000000000000000000000000000000000000038222471284651841025765966696518565744

