30
0.04740718054080485146166109662693851557419697225600448803312425389235407706344071	0.11604408602039325561644572594748642529198006114323984022505002779696068805162183
0.24992391675316022399372974148138421358600985485878292201944603033175030815954497	0.22085112475069602167943363259046584478437697436415278335974199100544021059554345
0.61483345439276828461297675163366485630077754872636819164289905836177218096314082	0.24139982758787346416951518309843371910897034027772478554423605697671825693741412
1.14319582566610079828441018623271305056112293841987790998994906610725556841235294	0.19463676844641672700528963775428178864806323650017541397069596699095181245231359
1.83645455462257229148618851837915789466881603761510232308290527623069003015508791	0.12372841596688099223246634729295176210447632056956878640432113411932198878542022
2.69652187455721519578495188094957870929021553938903742768244167210457713468129359	0.06367878036898826934014852122122671889353331639628260786997811176351499424113766
3.72581450777950894932107750648949923969201321672343440150437394978683407544036098	0.02686047527338051941111837315774923259564332812846711881727933710020042419362537
4.92729376584988240966058537842808261072633058058490040584396069162693134621952923	0.00933807088160423514960692773385149926418010851875979658537761540981486728327156
6.30451559096507452282612607586829618434812645226059846048330408428638662818583845	0.00268069689133690053852323749574383842613812395271451827917249852422894666600783
7.86169329337026046875587399102181154068835622215553058159256531430496204381540923	0.00063512912194087764640471683393760332450771685453765120748547643682297414952005
9.60377598547926207984883002975194513755147060103857055886691431447239169100053761	0.00012390745990688661704383890599115435160158159918039927781350598574380987659228
11.53654659795613970080282463680567721931023194488725705234615449990315088192989839	0.00001982878843895296105563740589666903649936512049355927459234714669618787356709
13.66674469306423629489550602110620261294224143894944433031616489970828752805314026	0.00000258935092913148458372699269358719228957731229947342896147294916266635697683
16.00222118898106625462373076337309949991513120983103762673360087469406683714890952	0.00000027409428405360851638246352485083334636824617085767520115957582517073562778
18.55213484014315012402471094451807975853556835722215172080578638017290464283548947	0.00000002332831165025796168215621141154184358023123860699622863383282925572280286
21.32720432178312892793362010933400653633750135495363842368301261839024334546328904	0.00000000158074557477837810366604500933463195706832054258529678820342027959338674
24.34003576453269340097807421077094277884806839351179137585138753116698307824250681	0.00000000008427479123057047854489350067582178407135312701465918044107754875729717
27.60555479678096102758147138285090628706878460625229623714928138152038207509219324	0.00000000000348516123490797714602911001276177472896913272036133913992567872446484
31.14158670111123581829204837555616445667190635141493082744853280708974601134629634	0.00000000000010990180597534727279489036781916069657759233230822996873291675205302
34.96965200824906954358624446761299793711203116394008283872820985521609381640059651	0.00000000000000258831266495923541341938024865505814621571676353342030281904861098
39.11608494906788912191887456091354454845106991034910391324643663995146100758626725	0.00000000000000004437838059840300866195115387857160830668165687220099044582478292
43.61365290848482780665789125663341710189364429835734557867016548975992798173927892	0.00000000000000000053659183082123539536200275561603066414284382931027390255444124
48.50398616380420042731962191874176624201241206902291923216626378447592656101879246	0.00000000000000000000439394689229171577833965100133047282440798727922627796822223
53.84138540650750561746659515401350766504300925705779071219624683209521732300902598	0.00000000000000000000002311409794388649358941388562242227227552642815634379215760
59.69912185923549547711859302934474703127911099585289602549832660719557673525140692	0.00000000000000000000000007274588498292540832298139350537638346324330386920504444
66.18061779443848965168483284097442223902687399526819050271152319109430040328805744	0.00000000000000000000000000012391497014482743994283461727647892575442949154361038
73.44123859555988223950985597715479487403519206623346787724285556278009832524657460	0.00000000000000000000000000000009832375083105635710804655611958206525633174346433
81.73681050672768572222748628233495352635656325907364772408521263725069772308371398	0.00000000000000000000000000000000002842323553402796914355127944680533144928215018
91.55646652253683825553061844715547780245788620258073538413257533868882722399279971	0.00000000000000000000000000000000000000187860803174957156784240101096282009967581
104.15752443105889451181098846394221992971533716121306494624637935734020341517522671	0.00000000000000000000000000000000000000000000874598044046518755911437757118919560

