31
0.04590194762110829074349608027522343207774741655273193678278257124357732237251722	0.11252789550372583820847728082805647283878516412318962770860168763152682240365745
0.24198016382477204890408974151713715061688001975507146641916501195355973556086585	0.21552760818089123795222505285045737802604457359946307644616214108826193016882098
0.59525389422235073707330165005414167507187298966261807968328204648023915792618619	0.23830825164569654731905788089232820647259524609028783387951052136505805699070818
1.10668949953299871621113087897916423925133143435980710569914885969681680506059301	0.19538830929790229249915303390710806416236706493496733980440181111985166602899675
1.77759569287477272115937274826748183811624480892587779681699237125765106737596125	0.12698283289306190143635272904602467418605673499208472907427390403799770501321687
2.60970341525668065038933759253149298564482730016001537701387259828798750091868034	0.06718616892389930067092944199350801377401798881424343545352679286590994274582409
3.60519680234004426988058175542426162181231874193825382611663311082013381539427621	0.02930322499387948740488866931197474796643510452332137353984576781205993617445287
4.76674708447176113136291272711231340004857807356433089676993852606956825137178060	0.01059756991529573608952938031443299522095918149588802529205416389686530899308806
6.09755456718174092699254293284628153032731854578123651620454240165167632293290235	0.00318512725823869803209748424330185537155748647581501523854031317184291691822684
7.60140094923313742293601069428666240619801898728187991495380816934553490907627468	0.00079549548307940382922092149012477369504268662000780833299926623423749438553133
9.28271431347088941825366952977104471209279558120039095416379764833518601842504307	0.00016480052126636687317862967116411936295583397528546144972553336162529819289951
11.14664975561929135899381562958665868359050353867237160220559883808324105644357455	0.00002822923786431081639386097146899271673313053268454607926371727171020650824552
13.19918957624499852246492502863667682902336028782278666123784086621604653021445800	0.00000398029025510085803871161749001055627075284140468234188698240670870163993408
15.44726831554931007580932589180107957707227948655620498226497921509020048753529925	0.00000045931839841801061673729694510288998319943424282112726216237435029452110627
17.89892982664475764672579381775241981612084157586441614178465893530673317747164252	0.00000004307554518773110093013145746589688243521185273022773228318400261409741572
20.56352633671582217074304896877860797460624311401674513094965657992908592101871238	0.00000000325512499382715708551757492578840490709543288038637638287539806665712177
23.45197348201185859105025557593310632084163380218279139237065444052017928080209594	0.00000000019620246675410594996247151593142116453125419353681015162760856591895312
26.57708135211826045997587698647846276074201758575792720440046687866883041581881716	0.00000000000931904990866175871295347164313307968917334339785091197914472800312439
29.95399087234644550695191784002386410702805086222952648616328285034916074782931263	0.00000000000034377541819411620520312597898311026290122748514356718099120190162092
33.60075953290220273541031388578350419783794196562480002645358144314051474659623730	0.00000000000000967952471304467169974050357762058593075925924525697644656968110582
37.53916440733044088288790255800066190421146094394645091835904774900735968059261142	0.00000000000000020368066110115247398010624219290690345530114220902493815908461724
41.79583087018221998134794585333037429108819884884053708387999940172777654906494203	0.00000000000000000312126872807135268317653586325849384900702599251769644445560650
46.40386680641112313602922760438595241206768745285311259811556182311733815523713965	0.00000000000000000003372958170416105245339567830834978295348231646753482017916643
51.40531447679775516186146108839478489881235551932839833445374020171955781812594021	0.00000000000000000000024672796386616696011038363242541048388186645077271108740024
56.85499286871584362051192205565989114845049684792235505618214196220040642459908169	0.00000000000000000000000115822019045256436348345645765930668057039119979991546890
62.82685590878632145367752330480649707384120298370920023838949788304280826200029308	0.00000000000000000000000000324729225914254224347980228090195830427206813500603252
69.42527719108034562332225165644305173644889436476233677804386852121948812027561508	0.00000000000000000000000000000491430173080574327408200762596657251531789147815427
76.80704776386273283760997228548357492968548905375204734037690861000176256907861590	0.00000000000000000000000000000000345000711048083941322231359538057335626172746484
85.23035860754566916938706560704271665609945500672044527390897898041975633705104456	0.00000000000000000000000000000000000087663710117162041472932760732880567685864132
95.18893989152562998130860685395732455960968945704319367410784718099146504719063108	0.00000000000000000000000000000000000000005036364392116149041129717231658246009766
107.95224382757871475002440117665558513156426340321213920572772432410635776663885479	0.00000000000000000000000000000000000000000000019909984582531456482439549080329953

