32
0.04448936583326701841885019452435823341655833153203080723278006592701202125155924	0.10921834195238497113613133794342856869592230930954761802681276892820417429864928
0.23452610951961853745290956130193160546366647217571826761134420044566753449629227	0.21044310793881323293606207139170986243965200402184638598032821269450592497602550
0.57688462930188642649155256937756348643457589149289321351843805833401964401258884	0.23521322966984800539494110667639595314101218870484435043299097504734538096507405
1.07244875381781763304091397717761755100533815230961731499411167105150044071144285	0.19590333597288104341324790118177047981589125532140056663720821303050140786015512
1.72240877644464544113093292797471676477121160753816162896808236241247886088102430	0.12998378628607176060721682232593554377596550071415200470775799097334900129426192
2.52833670642579488112419990555891379007104937118192783987940314823752099548498024	0.07057862386571744156016433204330707575536840707839945628336751689064180693154485
3.49221327302199448960880339977153618623747161204661969354211367942791759188327975	0.03176091250917507030582552116286502547911019430501367017709028803818267158543531
4.61645676974976738776205229617214056267594806381235198220846258353019043540491418	0.01191821483483855705654465057555807991173553387454097125113478465183912000157345
5.90395850417424394656152149158126075416682830481410663618210166213314126670633864	0.00373881629461152478966122847795889064513949423846626631169344064101739266493335
7.35812673318624111322198973719499603083083427620114584954777890155286878647213058	0.00098080330661495513223063061130806727024507141940548427048796302942689651149877
8.98294092421259610337824752676569596028271608104470201389930444240732260919487903	0.00021486491880136418802319948368572082634919391155532963100617426945918980953506
10.78301863253997206750194913805834990673503199651324538090316437159165350342248659	0.00003920341967987947204326956827823147625935473826325977753921841134660533986598
12.76369798674272511496903308220590038222061973352351551395137935595833610196508485	0.00000593454161286863287835582893773022214480016253605708161037991578984903848610
14.93113975552255731979696468730866404727516614566591138615221686405696441658367976	0.00000074164045786675522190708220213025170777401364579086477140175466175607819911
17.29245433671531478923571838361984962859399417713468193280743047659923422426471541	0.00000007604567879120781481119265459434528043335350228788649793393397723543033752
19.85586094033605473978994458414608617773125454106282806161276247831719286366456388	0.00000000635060222662580674242777108552300368284735466474726851215453650570239165
22.63088901319677448867577933938733195262531744266574339870877634247177625797246983	0.00000000042813829710409288788136058209795003997325313878034112181965061218073850
25.62863602245924776747617687684980794914213878761879103581154656745408845126377529	0.00000000002305899491891336079273368096175723173124617657602981507983199800916278
28.86210181632347474434264071151551102880379633657388366878055033476394411705680067	0.00000000000097993792887270940633345522599474390483875896841349317638787528249252
32.34662915396473700323216542367468728766036372902625104107194029944572129062512292	0.00000000000003237801657729266462310426461417533666487310110789553814300672771623
36.10049480575197380401711894790127205530325116103455071276982344839408574252934134	0.00000000000000081718234434207194332018605917701627441574929102984083631127615467
40.14571977153944153620934392892563711406236111882173006017068658154231631383355663	0.00000000000000001542133833393823372178559491291441181391778923361152410835569304
44.50920799575493797590660437752139973625296161726283004115758732040028157723321635	0.00000000000000000021197922901636186120409347437315712334138396190491971874418982
49.22439498730863917672222180656634164167583382103733503100964599072537025475088142	0.00000000000000000000205442967378804542665570987601879480758296921381570588341721
54.33372133339690733286718155116938373394178631736350494822578522756979763415119155	0.00000000000000000000001346982586637395155805193404777427678030821664084716973375
59.89250916213401819613047532466937540509183243256328516511884345157328494306863579	0.00000000000000000000000005661294130397359371126344323821725304491490363593883348
65.97537728793505279656307611934859076211486710052550511292026357512965425438277725	0.00000000000000000000000000014185605454630369059514293389207696534804917984143583
72.68762809066270863867534908777462602006102832800022746689021044245100311155348726	0.00000000000000000000000000000019133754944542243093712782968307310337170416957402
80.18744697791352306749163856869027317603228059712653202238527608915847991412578499	0.00000000000000000000000000000000011922487600982223565416453283118209089577822430
88.73534041789239868935544952429644067753528110465931816502535895015142007633760698	0.00000000000000000000000000000000000002671511219240136985998678939581182749232681
98.82954286828397255918447840952048796936236337729594125328886431055561628007511776	0.00000000000000000000000000000000000000000133861694210625628271905701422636101628
111.75139809793769521366471653944925242242227197037511335365396674623013848464027355	0.00000000000000000000000000000000000000000000000451053619389897423222342830132374

