33
0.04316113561732689219173347382055440669431794929455753765370957222020357914365793	0.10609774555368675944898024198569613935063293704689918630673359876287950152525753
0.22751780280337112385029022691266057641562235762624802445105440315106929511573817	0.20558298366193260350238904608620879410260175615737430912538188398205208236338476
0.55961665585153988758628230391573925056549706622558565127556688186942130901225557	0.23212652349606085084868014371940725669159548692576878083931919778559572016596964
1.04026850775100205382209621926814907803498458096635428263817527841060585826979012	0.19620737276914191682983719148430273011934767567202591589584299228074301001889677
1.67055919607571519092562973256704091305619920158720325575535807700399328665093359	0.13274485670517109809969837567679664359766783524905824554215372583375328529501149
2.45192079589763054651073898192462988938446394039251531039084187515355411117460067	0.07385180388771387140480585240752499863142015301911509804061810987049868042505248
3.38615533758800483230187851831538199230987363417571221670938746814605681903487345	0.03422323341086402703512581756406304531553657547957295096178619878234518749821711
4.47545949839977145702059137904646435151103774153051087786416433793056297389193910	0.01329397518080866658619814685321701928595601061115158388335099824039225550308032
5.72245472027210352266790817932965387272101241943329095615735269197675479401385571	0.00434094309504623645941229723703353415506112215772493108629166567445426285285293
7.13022434440010801631414039533509932430168854018703127707980546635504718810862477	0.00119225099066868405107767282629843297534979023162671036954880975216891992107145
8.70235923062140624893696399458808474009589795641679090775270306435658699900154506	0.00027515822558239658442025301295439234404995083640632174176883991778146400273071
10.44301365020598242684552938388021600799108539176006595157257869523624808657720430	0.00005324334099227824124444243231915351824248054810878359101735985200543166131786
12.35697375935028596244412552364816920471615448629012078732592802585436771831589755	0.00000860957132646331618369236329569433666737067492610310008487640375452205677020
14.44974168158554023771451211777387012873931109017854919619918464574963502307217257	0.00000115837796102469195604266695945083838972327744248511964450477590574736161032
16.72763921863832235326152299417835699415213606785675336446515721949157386183278500	0.00000012898511485652588453805292777878133899622218969913942777707618771060799305
19.19793658721244663722830882220238361783654642993167604214724534011280980939798644	0.00000001180967869803252410315803633248387640360326011896643377894472160340992614
21.86901352492818987135122870427783105422100290227286737375745158423800832632806068	0.00000000088227664096702024677019241227182735485019854716437236244107615033229668
24.75056290615779564337309319873329316843821164082204236281633853852869681410388005	0.00000000005329612134103027013630555552164123711176184135285869255885606456794370
27.85385111141335677977473755373191127290971808831521915079580670376086519534318098	0.00000000000257550403748317439431393144397764633470200750757787042936188000189733
31.19205554557512986777342959888795499092085026755861086711860496943443731559486823	0.00000000000009831413322520782598056186343697107538538502540609646657293495854894
34.78070915353833770022925218526360197997401988596619324907011319553122062238790725	0.00000000000000292041495556546845392792035891926714776713323693141256876075883963
38.63829671777403022503606227511102732204844324826373898743752804295097506598332469	0.00000000000000006630771567523816377301495110562744040995956208446697501379844849
42.78707207825347948796392199265302258184761614012899408380684996173384342708314563	0.00000000000000000112609863704995018019882580367623412200159276162873453474973948
47.25420660299326581726908297666843472355606848550724718582028274769865443531473071	0.00000000000000000001393116571223920094146169809023900132712405060105383943901036
52.07345190151422026716402004823324705968380900648468273817187955884076884716007458	0.00000000000000000000012148100989154429767314152306300873568488735705262878020118
57.28763454109294007545148410777992172439407929772682691218979674348369421166590815	0.00000000000000000000000071615818114209984053574338127832055295302886391988114773
62.95256594690663020719063368610631948446199016902298021041795001912638879439363532	0.00000000000000000000000000270320712488116872172720734689478068692407290848259435
69.14351338010989244573663481468045074995008032359099166845917708892609110160150470	0.00000000000000000000000000000607192361286922243586897316026532629956887368237564
75.96668701424706234379397902495712787953823584460568976482014404996199157121276967	0.00000000000000000000000000000000732134211132579407517616095945166187816554494208
83.58163722327088076141923360501036331906940143968319514381715709945277009924805389	0.00000000000000000000000000000000000406131706145569795511645700603591348494146259
92.25113944413510123414811843913461723716754894236967948092761671705662315066924652	0.00000000000000000000000000000000000000080495228454520372687135598155261958955607
102.47784433682332257582598474954650149702492345287438127743540683230905013424038634	0.00000000000000000000000000000000000000000003529029903604699375220085964165573393
115.55475644899580730687685079251791960626817201095369390369968310394743017505546259	0.00000000000000000000000000000000000000000000000010171665629941256979919416611904

