34
0.04190992002006911163452196490670700849944767979822354390368615314217838817676186	0.10315038575730148139560110611989385447610563917158578976866712697870377961751382
0.22091640195235958413904107649392015306558925961102202719140824489797490640676349	0.20093362433727521990741246063118112937554752754868473521798567569980262197566386
0.54335369455654153226965887662571093712789558416688217845622240455461404441431180	0.22905771330341420328160408814013153189812413036573114016302493760633771662660076
1.00996776548432481935890121749782039673285422224349552306180756844791138980855317	0.19632330935126626944884992006857206904807888795393701258900997776062141157457412
1.62175195347394877907381427141650113331315311055720217010857047326046711882768996	0.13527946838507060963677318766362601354522067866811346672951222090144589778593091
2.38001462624226856010853322044991360232716301728125805353372109398661959061932432	0.07700290130862782429861268329728045888616874559151484531511854082363946167678722
3.28640015400177092084397906547661203248563543192826355725904894337697890147205937	0.03668093396700989671853845264531527750432388669438493602385201699172209373969224
4.34291016705168189976515415082235866738728638474347192997245642391629219450087655	0.01471880421628160621483745500658423550673391592372699646211986070541236522421830
5.55192928903656791741879661237336520881255438630141854120076943339334043954241975	0.00499029539262792367167112067181312368160475515112086976139377985977097379368702
6.91625671169226167506871659876254934079722694428094137084683993200084752283939921	0.00143080994656466459064723098665904937336389281405263510525576195950836030292508
8.43914479568838032087303425364752907367642979959206508007262322777586658401186985	0.00034670576855407069326794651233814020546887413829527507569338958591198399062264
10.12434610894348775656621496317864237164954051302004186872173514148055399340853717	0.00007087155216351781433017111862054881507898166636976120904599496734737125977869
11.97617070083503476893126572074043544576899787409198762157076388128272050293018608	0.00001218662032645914998205688367989245131616435338201063758103340341538325669685
13.99955594701637223160743625656880220949199913559838812840223027125614288110512782	0.00000175612402770048088187542154525821036637041423146714222676320983649000366214
16.20015202849429572509545933641891683476581295290155210297248756503971969342749920	0.00000021107760990325595092822133298974805095362246801344143771366799395456775752
18.58442710740987567739016866835098824998388231531627073635028910006942225759017472	0.00000002104140883091404298651590992082269976538972495639508607115272716652437227
21.15979764987496693844298850072831774947662258475366973128813666397882026744154220	0.00000000172791598403378051713853040820080303857593877520357988445681157990739624
23.93479130658667085849364518749549354746582078347763032879098092710862415987642285	0.00000000011596787831018540088102718426127824189100078200341547552820956677793554
26.91925258122364173892716762127698055551252774981898927536974930557974424033989107	0.00000000000630197751655236113263497084826355367841464516117525960055760111959623
30.12460565236800554136601594237036729228188499617345691461165262533206758378935300	0.00000000000027428169246147321085689269538662977755704784391895449739745419102311
33.56419491650060782800984425125346327841693365096995320894984440255705782899137315	0.00000000000000943876590426187315851733176580179523739350519372564284066502941254
37.25373335110333272972180905166203069370364367900672478373850033244157907086640561	0.00000000000000025294403274624066009386561514986892495386384999860433868145428989
41.21190385773083208523905592854438627503285596316169925526607856688781194910913163	0.00000000000000000518370518915876595090015271259566497621766636780927877544057307
45.46118330644089731911458097001139713103878160187047807819308029706824224164260498	0.00000000000000000007947967859943877534437869632656320171420730651136924415205695
50.02900054129932439726491661340768310626388088410780697734627169362333119735952514	0.00000000000000000000088767890052003577080378386408359607062190259119435709128435
54.94941289395278032896298571924195357432769271437853589629583945146435973629536422	0.00000000000000000000000698569554638335898648740151762621155158967099987039726070
60.26562168468018078805461074434619007020506487923699730955724226175013940392546562	0.00000000000000000000000003713786539776448258616551023925550515604869570510411598
66.03391492353076285478020521871392450436940225008812375071426527231550856944400046	0.00000000000000000000000000012625667474662367948225969189635613301909693435333907
72.33019307779106538286584116468878411965976258686087767602749750411127071073021114	0.00000000000000000000000000000025494564787226176000993968520461807031484193293922
79.26155448779584694028133186975738713445998623476993221837805201805362684218935671	0.00000000000000000000000000000000027557883418055028207731159217555763280218156109
86.98888681494741893414240076493759746145991482307197208065476429769128056871478001	0.00000000000000000000000000000000000013647603089701721889881288586472868506534063
95.77719042218814756344741901391388855653992427264273219446374254252011684046358399	0.00000000000000000000000000000000000000002399497948459266320978509147778588040576
106.13344848238270912959948471175830584516424042442715747476861742131754023752310847	0.00000000000000000000000000000000000000000000092320704761907659736932186125603277
119.36210667770356736114100047216107643873559130975077841196102455831722814221632546	0.00000000000000000000000000000000000000000000000000228383805131879153655674495341

