35
0.04072920906171343897359024370138934975561856764584012908007392051227302301652354	0.10036223741923592739958380749300844178698235498033273718278654756236520081536249
0.21468745273514456929716134332468081797630492917068443926200824243647681658443080	0.19648238336171276626091607285225406764926597893952567865344668257039670650608281
0.52801038431934377707972910952832975137593986343165058614516708060224302480973579	0.22601456693434385114997995596396649309345079440762150203081887496024293441963741
0.98138617345907802054274990163884900934615424108336040014624668885714274526495723	0.19627166789644441670078854763162508804693491693380438934496960651369650596070970
1.57572594757745195832509741566102941881138196959721148471600410407766643041584299	0.13760074201312757452483513307948911230823695361546712537204553742384618698774906
2.31222829651321244059871218827883606283946952512615887626258640195357514715192442	0.08003040046414025276966963763598664630527445666541059265935418490417493093005281
3.19239793949312008893341175112834377148004336097469491604291799664739536900443737	0.03912577142888330421544581502908930685401383778550900977178235606756380100935980
4.21806412502971596317892096833825280687855177770293350082468353945201913206710270	0.01618672652612578382641952282236933014402575220707204495978597354622845645721026
5.39140273467382318910656983248025528133156760443006121664861899882910569410617726	0.00568532557177433717168811539716882589044368301271267143828417524544602957524850
6.71496327991573932796491550110817852831707708653291085333872171028623812491769353	0.00169722329912598387981882194413713429402189439325864859328896863920126406786781
8.19170175883762069330072106546035407317260935342771000565759972437309273028444902	0.00043048506814167813340163391571812423844798079544104206838632370846416473506707
9.82502049709270578882970391002437958002645715337716445239476033488071488410590838	0.00009263405306365342688410152583047638929289595595270627704226053346222643740933
11.61881638890733745703539253712387413436494647892986240051885811546759985083788332	0.00001687026486931443967111068849083064651891655179118122264511508751283329515495
13.57753935730780453376283458484236075656516659601825068913991943853999977431669912	0.00000259167214742800004489372160457436364054078602256748484342494005247175610002
15.70626339576277737136095800873282360094341609359608704034934032872730526557721936	0.00000033446109572663336308372181745821516845093221477930694057803834683486012782
18.01077328783512487692398639238193417302014928712249051435362487789909110443574526	0.00000003607785438691552504452807080829110580576290778408813902960729603053761881
20.49767110714663051136799067312829149825531401054755216383238550086273465182138098	0.00000000323356903221022715723622869059851686095894984438414704354165662119824862
23.17450799779925413745273159399184507286905308517341929297374607879004199271847615	0.00000000023913229815921465353519025647837650345300522642099168329301938678562658
26.04994871037023322815106271123478335662581267999155111499666962101139964010791807	0.00000000001447332399038857987333947460296549074977833697787621140973010608515871
29.13397920954442942589012185849022600297485740948728959446285468344552353850017226	0.00000000000071013552778116401458837277149301404219926282754755113134384918492067
32.43817183767793693901943506455293248047165596366846482864960117445386661473057977	0.00000000000002793369509321583959397680817831262893812003011655101370817608075350
35.97602876989402267969460673969966239656986379747103592346857683537685195655494593	0.00000000000000086948402143307648796531556251768400722457374779619539248198214259
39.76343410480026933420569666694685525005137631153882193115526823176480906530336439	0.00000000000000002108845936777163366946673752073072414019896265541282428271005858
43.81926011860667076623528765951942254260425315495309487592087996370938668785210652	0.00000000000000000039129108119233423665477523060984431222288812257922901694101003
48.16619797401877992511007059788782087002234633493562395771905104503677266803244802	0.00000000000000000000543271940670671563113371837174486231131692036844390849284997
52.83192505801562388891477568503755962781959184120219447929072419530576899207224048	0.00000000000000000000005493694724075455948246097172357432827672281707842095526628
57.85079502213444033346138674684173640244063264159876317590027460508826455932730628	0.00000000000000000000000039126925656364653133970379165797707409174141502357996193
63.26637367538476153704280339725355916942550617171302346452010807950411506399180796	0.00000000000000000000000000188098692822026128645186493401574439835397003671129997
69.13541388364815966233328635465085453411900956651207871753926324104125566042711224	0.00000000000000000000000000000577515510439453670043239381776990928282854261943043
75.53443513472991657880774862401843850438498377271033846815825531124716167326749441	0.00000000000000000000000000000001051140746780598457569316257734182155602951956062
82.57140552358264885978941248523297782720462895428621909825995278094867234901806845	0.00000000000000000000000000000000001021277013187404581463661130369199670153850431
90.40852386440074641547172895901764605228177155685588792189345594804283137455057466	0.00000000000000000000000000000000000000452734731208175167352378414616674930975338
99.31297365944135947247797531466403962285749142692660458161436679926267075476883540	0.00000000000000000000000000000000000000000070802327339258537996445776247319006241
109.79599094490647515975889915481578998797092170434517653367633253634571281603919361	0.00000000000000000000000000000000000000000000002397494633365017238803872271662717
123.17325317537592764960052495926168768484607572791578837108710186522022082401924433	0.00000000000000000000000000000000000000000000000000005106723813700554289204800561

