36
0.03961320640860241274265560797082653659186031263696125972835354865149327210344310	0.09772074843126670923723591325493655819461500571514897812947695083402385238394891
0.20880028565435078704654073805562008475642151786247066504551806538120291909051902	0.19221751311006712697028874947529646870914907185995670002885944932927758978742115
0.51351077553519025536172298531852616867796287727661912410684473291632583130366587	0.22300334469787640751409890453203549906691080375318219856366499148551837939725788
0.95438115307914338184462884315921665841012416711498880092569875307414158661268694	0.19607084692947025777725425541142451654909576549855517628981447856426315636051930
1.53224922539382937915067185095264111857414328829998655989139633891000297915047054	0.13972138965259446097880336092822524273562875766578298863624930718539189803184232
2.24821581785440773301615178944609912313224639888941319506883678100300132590218659	0.08293386566455138672938033660862017730556992207953692712121543582546966933645274
3.10366149049802194914538071742852930050441667288851947062985978097809404256395497	0.04155046205906720069145357385123854465817148043338747352647652237226921556833648
4.10026254569901105244027342506127001429588697359823132125729385790272867778519448	0.01769190808860257247214239161773929987834330605113108842620141245242717054626403
5.24001010875467370719874214532971163539358688740130591698822615469693014865822584	0.00642420525434886843339179714182822107463007331975326378449111088475426879158321
6.52523333046767428382476882460172998088204948277480003998124594567099828233729912	0.00199200975553080351652934466546663710272158999760686991342608063916654303163330
7.95862750899876206679312937787588182536954258051399414804827238887835722730366486	0.00052741253900151539556428997317430248811979852460487879221166370938159707991463
9.54328803527849614276308863138718536712464914421222151873608427358624930782325370	0.00011909282938083885067241465489289631927787948502249897003578249491710067418287
11.28275128666264626894503957774799733687559263296625388781070089932392993623761245	0.00002288738819700490870363885943367887295170999377746770238538413331542834477709
13.18104390024871622572941712519864417814275755696472644541326816446639549209756925	0.00000373277185599261232664805437351443378894456908415707716313884732308216049789
15.24274226656032952136157742983566304795112372345879218824990050681054876376828309	0.00000051475935569309591592860758805713996180622997631964283613644565652560684124
17.47304463141491696283274962779900095344814163597557451143053232859913831518333772	0.00000005975678522639914005629213987055063758567629528940344035687669750716802426
19.87785893307995984589677949137123011430830935390288719450131509097539448704424565	0.00000000580889335961939156277502490686533577282406326360692270547605802768438130
22.46391051439112541430510148327762797958812931327911346365840456385555330814914778	0.00000000046994101350499366928169432261337900017492685937771048100069916754191720
25.23887525730232462324143392437284611874182017480793411731095313391702220127984904	0.00000000003141361420395866521494721979700509412304650502620561856629438706514353
28.21154567688231575617927726388042730868153334281151721517755274567999593767533763	0.00000000000172065776879189387923058642631775433004729187142684156343968668497982
31.39204037421491652177870185354376194514132941586120241826539086616406890031259602	0.00000000000007648272252595855918970014394952543830468993760639741806436207789225
34.79207144800398351760473230249223681611402243002192026981878479512531823546248462	0.00000000000000272783333155716662979159050755430259114568098640626241357927026646
38.42529076480122500346730044846145358839433415840715110749909536376132979559967292	0.00000000000000007703901826651010066811077969720350119817189928383612731646500670
42.30774567207643228436254731907268519889863370713230143814320314811992380499183093	0.00000000000000000169614671714679395802330287003282249651678407475694080975432236
46.45849004290483601503107505059475318834369644908549232092461677769867856364536943	0.00000000000000000002857649674150602416447025888108781225788970354864554567900949
50.90042150332347440394232602953937984823505245683980666959751816575294639729435348	0.00000000000000000000036027973399487941697542487582933900111303330633262236445716
55.66145791468380913195715940189428815964282884574596972778502684002630354238203869	0.00000000000000000000000330759294679046020461339870848049372855480288890688563864
60.77624068452880676200258003299117740857321440408328701899450214479466670775851404	0.00000000000000000000000002137610078052788182316807053989159911449041388245503343
66.28869068025383411960348996683309135878119608948010916896554610330496630926987409	0.00000000000000000000000000009316746849294909121523970469634452765762040560783704
72.25601475445665176689085896476691126416750057645776224264778192014734983513328541	0.00000000000000000000000000000025899194522031213582029872958607205020217971234664
78.75533816278154067530954888867966923806393585467694963798923262933362978125665522	0.00000000000000000000000000000000042596906628594740696749976752366802684609642918
85.89548142949654283774826211566121512564444965095505211292614515224680494523254472	0.00000000000000000000000000000000000037293304176385859934959065101675842634933654
93.83992978484140435922934895701110946421168578014214953870702260564306196360413092	0.00000000000000000000000000000000000000014835864068856235611839942220808321548108
102.85801014711933042217767752821357264270673834867137722142557057038504042231995813	0.00000000000000000000000000000000000000000002069056568490529872344152183025182326
113.46513548970711906393690322040383201757697372715358819110340336497525834004950835	0.00000000000000000000000000000000000000000000000061828348408085222795619416512551
126.98801519664159534513835705977018788405411006764956987124690149724314841361723540	0.00000000000000000000000000000000000000000000000000000113739283340753475640407513

