37
0.03855673418601502259217331599948327848695321424191673462364147215638467431646106	0.09521465142697905517084102824894253008852463109924025108632235972454815633282545
0.20322750994095859987008430839874728789704596553070400109613118975273471950242043	0.18812810086693704029015368886914434053971315858791746599630032847435742236517977
0.49978706644227012338280381868351901197635018083627791529061846538225297199644586	0.22002905155139786799458712998261552177280445642210727118503622074256471066563394
0.92882549934693066216565742354972195545678608821080857611826389995686904692681702	0.19573734237841640583060782985525196074454326666849129304566001276783665524629813
1.49111501204262256247089198760626028615713870596248955415943646065102826066435118	0.14165364252361854357501351282801011439688379877699293735665724825060684248496452
2.18766907193532850223424896267556544441541877987541073604022040967566193535299563	0.08571375643619398973127425317266200731152444339218503214422975621804488278127558
3.01975746764250975128926101258667030405611333629010935306634422269784891794545889	0.04394862142283880303006080306064588625292598818476051204387878546955061364671396
3.98892030294158853421629271708307761963895042505610575887672353268215576058639023	0.01922871087836507549151946693213993138971435251982576611535334504951369726514290
5.09698454460499915465628901625977284370862458206036694649894833403100374620688466	0.00720487717030994941706152534968412117356376571810788439698176020878727398797193
6.34608406064954945330811642897914725005109713194761592779530428206870191021702883	0.00231547164294998363513982990057586523714653942009217569307595860186193841077311
7.73868381353643339850892323868196871243035376105231551723804626353617116834565797	0.00063833255863661421186815820436724139303855369128308117234649009692161061178300
9.27760894180618872427614618077883930555977087774578648202071891420987321731519616	0.00015081828949379988519986492517660431871494067420913406395780930427470245479188
10.96607963131079566060383709384639360342995020849502610316020276537508079217116412	0.00003048561891685880556085779758148506836826312874691496496705671894798474027270
12.80775291254541338046284552270412104711048817697999887697161106603325190320986315	0.00000525868499513510811412431352998717947979884462537979557397306418785749691238
14.80677283245776939004744048430854508946976848358164185715342960920736516554105881	0.00000077161064001032755823576218259244698759737713389336176021611958505370591003
16.96783086160972441819836201845910181298649121954300018030071214823957084085230503	0.00000009592841294453875959879572095921994053323033523201233506293763446557425493
19.29623894818942987563016085529957591661102484858716005998219005046318886005630651	0.00000001005754196237584933270160141480013906552125483412621566190633832188403164
21.79801837446760427952776901615833167032469745360254526603758037374651361866461640	0.00000000088440885796264389324421583519833911721737078495065819486473906753937683
24.48000859074968759364462097918260237188975837835842859056025821303679882591633765	0.00000000006481397346488569952332130668523077898914645616483974398912804009603188
27.35000161963779627509395563260648883330556484563874665306500586047758733288460632	0.00000000000392954781169287524224527743504974019152250621550110085622504776435806
30.41690962745645950688113645677466329015252773110516623027414558221777867364597681	0.00000000000019542457901219328269623143558937795113885810111626540896749013292562
33.69097614342630470389452724577744278873795610439101933529643240946289592273343138	0.00000000000000789400237108783651917343330119684009724769413251991077178419008792
37.18404563922258581169907870580293114073479851287059378986857494357749015749076441	0.00000000000000025604635963498163903524444795515269752007934947446621750613429097
40.90991252978050775272755558664292220714535713592023318362303116988780695372427491	0.00000000000000000657994720969108629772714432541373512063359878463074749457721519
44.88478041515475361334489524920305546820654759881561692972871548081123659487042585	0.00000000000000000013187193066397206979426820329746680185473886332153472101614197
49.12787780671978805021352395383174789977912159923140722069489936210280824434553212	0.00000000000000000000202282105323470991619693512789372308463307347975720135708342
53.66230173869426291318126660074134907167887316561353264485250753859164012005418133	0.00000000000000000000002321861994421518992617179697679549717434230239405672225005
58.51620322015002875476363319084306761703667099467129685023869953120655949403727339	0.00000000000000000000000019401615214294621764736796851822046755833926240041035292
63.72450357544495956427109008030784393001006115057501067093848217056282312430935029	0.00000000000000000000000000114061162363557081153549957022756656614763513819680596
69.33147002696600775673880564492967363539857374924390541402102670036493939227453241	0.00000000000000000000000000000451810214868523507674477682260634638196635624080597
75.39475330169687562217322676961290812522756519246078642170810870478419263258530862	0.00000000000000000000000000000001139888100662631267772211271619332786123492541322
81.99207200019230786174270595064547335978036865623562335481073829318985435308566603	0.00000000000000000000000000000000001698157942248723567180416698481280771032097683
89.23308272823344791964971807300186214039428173609092537253890031357263373429277062	0.00000000000000000000000000000000000001342849603575032468892074100042002164881175
97.28253366634952909046166764217081095124236144282017477389754495561901273923592373	0.00000000000000000000000000000000000000000480534965364209936483646889762797011024
106.41185731948361184373786244572007813071373944190463759838750897802799920514117948	0.00000000000000000000000000000000000000000000059909906193811908853144932171371795
117.14057111333492925054988259467206503364304620901097334170255297833384393116285760	0.00000000000000000000000000000000000000000000000001583922443954419820558122622806
130.80622535165002462178954379547417156515580291544264177736274335430644105833818512	0.00000000000000000000000000000000000000000000000000000002523773190545000816227936

