38
0.03755515263135460812248242136892824263085449237982058237766342269016343891381671	0.09283380362877976857212318893905018791189469407878693927356767279483789643675214
0.19794458664739192745537551224619803809981044415998393168532658704317231126234798	0.18420400728352925202157526781154939937223679754539269696438593609215077744702436
0.48677853794905542164972639800722450981883122638987669156688838486220162273881516	0.21709564624048657182865676803983070366201177993237291513658615066879337684934161
0.90460535928587752445928622362430186177226137093936920353798041032460348980800065	0.19528594697983313797544538763609456888513993405124182558168876896179739653152474
1.45213837438025749670262994887223308079106945991310733207951411847225613799403912	0.14340920423963469453741798385849312197477223501822297641394320350383352217441585
2.13031274449463198006247727831126936196113576574012116915883087815866632761520702	0.08837126752057706071004642378571436152969408004478044230817349929916151617023710
2.94029910641246118254621903048564899171649840733861006611560870847254721206020831	0.04631470042463775919329255430913700854574484080626019998399025174654586810610856
3.88351586238136161606459429151049108189067760376428605687784890332811704911234504	0.02079173405822275781750933924539208233551984424894449832290810840526582222153382
4.96164359451050178819665678340782017089652890686594312966900074539263088416165822	0.00802510344571677730848083515495493073080297955884685103584345143929589284374053
6.17664244884750349605480764189001418483094035641959178490066949252468440870479027	0.00266770617605195881726019610092435403274268604956310592575923103676608850277138
7.53077304870896477782610239266136228696166615379155076097072586354126301008433847	0.00076400889767505820186895298754408022795720919690802409857057153396664715246549
9.02662153714050866920846239937178888236880437998451415941138881227129705742567176	0.00018838183694730114330585254089357842284426328260781339976608725073311241651828
10.66712947636635060285784206144819211371389489265829206858728340360197113136477183	0.00003993130886529807841352640883225924684517123997012076563185161873700650690376
12.45562951416464384024362603924239426384152954752357748867765757454717988754694853	0.00000726052235019397354785281946888382598998637331160041699356577538536090751291
14.39588796713032862496342947688758376429274896383254231253822428982769242246867474	0.00000112917508941811025700283179593570214245847271143232775820945270550347786386
16.49215578524129076167784198894531298838398667718675221165122466333508800638569478	0.00000014968256251117479118623677803202763600438340616690462785503035781389677090
18.74922977721840424483122098568833134065859444705990270680486377002124141356145683	0.00000001684167542133212439930721874348714309935599549767433133000059151061796567
21.17252653020710162274218933212932879939152653309445917246381488827505700040241313	0.00000000160060039069673340412709004709405171589238176171169473418128572366056762
23.76817220623607810841770970301636622804216762611386808601728010183205389723171735	0.00000000012776335574569934890506763141264135109466083535479636544638051449184559
26.54311242428542231819052754396953617661814966675265663942792423734804116792321586	0.00000000000850982600285372783392620875958785225005275509259997755817561536070562
29.50524786450049566187805138226992886679709840321640396870189936511214144416227111	0.00000000000046942014263420787551095517321370753118955638459160717051397681428344
32.66360324951335689526343764903780970627989549695553932366521373084716738939185820	0.00000000000002126021701262529213958017963357359289808729474241361531623115404381
36.02854026261595951426017890851607960659617907394706205698759533012998001319553101	0.00000000000000078269395652224448186875454478983324273602542116430331396171483403
39.61202922587128623524705459060058827884096583369826363462112240736765422053409529	0.00000000000000002315208340320715580488111284012092395623991093056101070147528515
43.42800075688229198890018741539940279770441947483925769177892738449779780561965838	0.00000000000000000054284048413743012237988117222440622222144024340935344736026014
47.49280845538380429903845167588416002042106030356792678423013205829158141558712149	0.00000000000000000000992907370761619092723971784908304871958158125111579138105783
51.82584921134674041527367832651023393078692455749986950027337183063354783242910003	0.00000000000000000000013901716252668765578556914731143910615153840068482664375566
56.45041307625630880568915299354470583710266446237097049887105734487573944291885244	0.00000000000000000000000145633094805391521166899417784594292328395650968958377431
61.39487752088777551908839647372552912387706034528199818371451349283452075847398027	0.00000000000000000000000001110270426663040926569255568574896301859623714232563086
66.69443657755888343823312625586036164701851308488285972382367410672004465869384758	0.00000000000000000000000000005951511121348774281739687829119277819523186798346363
72.39369575777192941090660724208892622182174094850045121318589063838589111906299149	0.00000000000000000000000000000021474560540816444826476615944628452047480553622339
78.55074022042074976591465291828605554221537219420670635894426427309495165126566574	0.00000000000000000000000000000000049282967993962692420385540324346511216087377721
85.24387022996996332450303733609092100646921334014109818891451829560995360856681626	0.00000000000000000000000000000000000066651559075880408772745592603182792679745231
92.58356300923496388753570031704171464813304399643588622555622940450066116258318381	0.00000000000000000000000000000000000000047712053968584392205605164009207411693576
100.73580738353035547150139761211260176783354099835028051187219437687210471759633540	0.00000000000000000000000000000000000000000015392952127854585791518172322904746528
109.97410535894638131840884097181865852739051832484099794541555413554885092120928296	0.00000000000000000000000000000000000000000000001719550191139244845994670195515469
120.82200951753452306370407816076662392845431808895554264976791915976856659360588771	0.00000000000000000000000000000000000000000000000000040320929474629273257240238211
134.62772828753474037238076231736137217357579415040005998515620340903891736833738907	0.00000000000000000000000000000000000000000000000000000000055800315203592706165059

