39
0.03660429195660041397067668057444912321679246907357663931808477012633912556000216	0.09056905005219230624035392912511248435089571618118380795464275394829083713017580
0.19292946677486190874873545582175437796707454163707841563237266555243123222223951	0.18043580804346419748788662529306543579690478116659821092062407221612264170302182
0.47443065146260347737701552354430178076608688666450162498333664360894347821453776	0.21420621513333978739927030311654376230601003191402480278071411103852495064099201
0.88161852175042557740422059919557644692911325352957517513524867985375921883375591	0.19472992949107219782251224558474091177587100832370252709401213229854972929277566
1.41515340296443506797534655001319366191639026935894777508175981552534251037471686	0.14499922361998282628602268935904069786428802782077936786769884485182754735569684
2.07590005444147536298154848608385297486691582283772654393455392331584154093375816	0.09090819105555477103293760550881770762819126847511555287528340596468859932813547
2.86494008712424418158491425053541969644176207495865545239904757756805034581752093	0.04864391970976701391078851733550266171568744029290673443364257666343256669425508
3.78358280445079157125923596013071750669731868593997165818656313793126574319640572	0.02237584372361760190904426878112990093476372139845804565776818262852448102458543
4.83337781048846253890971223807482606874744470538449976945977389522443214478260429	0.00888250977970729248637810713405162441549137929119491612423126775118510485143959
6.01613015572742940758979692855662826233281327927233581362242669757952432077269441	0.00304861910437988385491218806749601468076393674943817818268631867879230129469201
7.33391849642159673334454165692576421341013750052841786635591380853611984249826237	0.00090511841936780834561596260359270491657610186519070861550230544983645319671198
8.78911676197572930268766639685506025676280705351387850108492670062911458893296483	0.00023234877337334871513606235985361762843672461961109320571475366256817563193097
10.38441992269652639846956083717567682686513818785996017633631454803853665509842353	0.00005150713378856689302585892702651252513111641528442542377968233976174176967447
12.12287459214669996186471673139072267153047655605371523198439564353529297822925414	0.00000984135060716013508627437364735993013385812113455886258309739964834649777222
14.00791538476809986666209179638656314102138084631419783126449956290163633773496245	0.00000161660365456189179820052446192234276088641022270558669976453591587266397686
16.04340819160569742851594785196181968056303804939774463406414160804050180638782317	0.00000022759149325497965687678931349561328573010279146042953948085186635593123197
18.23370185334919234364527045318736621335216037070435702987571725009366459006063542	0.00000002735843835983164861603189993456624679782519081115102949912435995636208704
20.58369012744061467181913820289558428994616678827905310412565999150686128269332193	0.00000000279583940985029593667353580903582245366147397328318152695778422173996870
23.09888640346516643626022172670966194312737901782648030357072630500636172159346816	0.00000000024167002595719436265361765699179655588211844268238129605340177262012869
25.78551437483857958308582701574650848170992958681665046875521616312581879218195343	0.00000000001756695502203157976752896574401424776557150322667275675947775938417681
28.65061890810399576754073333758142525679153245787012677395935103977326575098717215	0.00000000000106668031023893317578905187481286951134371108751887788668718888785650
31.70220278874492904603100731728283969470113609137072580785743692858461628645217420	0.00000000000005369209358741909751209896604138630827242167955650516000601286627446
34.94939705509719130037619160765559940476382959453826161719651684431915851459414718	0.00000000000000222076537524543775820445514091659316575833838989370360823299952116
38.40267555752542370516050330462653465664104080562769102348409904938957340284135013	0.00000000000000007471439791560344949088091696716934800096623027458367914290054966
42.07412867423611459885380908171327519932361437115337785114972340981703050925618825	0.00000000000000000202073242126399316118733211816972651343168560559148636977764952
45.97781755745093270840267480192183385523601035637184014430093328100044178903117665	0.00000000000000000004333726724871519780791212372699911578324951021136548014012438
50.13024018849515474013639952174972452520593363501604997906763832308674256356784912	0.00000000000000000000072520873386581318149281199214799618336451543867642513120133
54.55095617610840196514159426118460655309888285643403117629018435183521216716899628	0.00000000000000000000000928978045915716349526995923188646046508801636518576274929
59.26344277150435144348841637668318269780793069098357881741792331669382183815357270	0.00000000000000000000000008902481021644908893977835714803658484972227865504322793
64.29629777764546606819466379931057285936433735744407980735376055800300049422377522	0.00000000000000000000000000062061835307056086236485129951988361967730717155795089
69.68498127741619958603768935639137941280508681192689066798979468264474660650990648	0.00000000000000000000000000000304003948634060103049018733377597455439585523224492
75.47442956780544361656226057671704234745522447402087591859543534610565366850124099	0.00000000000000000000000000000001001373894925281778140615169783720328595823993422
81.72315339323797684355260946638992951456238431114553507755737131582790653650282696	0.00000000000000000000000000000000002094905241211402267538241456771964868151485575
88.51002366778251631222826409289390603093415574295001664026643218093768909284933725	0.00000000000000000000000000000000000002577494120748522672960905042651408840931722
95.94632356854183064509695803778021101043257179974712783670327280689605097975927271	0.00000000000000000000000000000000000000001673809533334495597540149212578320154704
104.19926132320354855800710915080303919640632890675494286772935848731797936576871760	0.00000000000000000000000000000000000000000000487896203555371468584958529646483490
113.54437396417612820370413715228779800161012940639037786565578843777368475762624109	0.00000000000000000000000000000000000000000000000048943584509291588975155386276764
124.50918289601379233603178428866437052301028111871929113389472597392859701045472517	0.00000000000000000000000000000000000000000000000000001020239070240418931760515985
138.45237953106137032129700912659728164167926326558385497835957427836499040963202474	0.00000000000000000000000000000000000000000000000000000000001229529448418528880392

