40
0.03570039430888838512208447128660085544717076281491267728591017166640195240015534	0.08841210619034244093977776533809683670211243762153669332538241472408090596748754
0.18816228315869851600358934621909591394293666113791167557406012705804101854260524	0.17681473909572229560091574243619508401501922169083589278453664650752527343204496
0.46269428131457645356493752456119036445360737530158744445224741209658334886917050	0.21136311701596243103482640056961061543691894832165433808951362743900934918477595
0.85977296397293492225727222468872241278733624877212781531210865480111991566930702	0.19408119531860179966257155792708100306052098041897074324251500163756634895099968
1.38001082052733718649800032959526559802669465801867941396866082273653882058575619	0.14643428242412511440703742327857845173209260416550757199166363491572851452458148
2.02420913592282673344206600280013075513824958678505195556074468987669062518646036	0.09332679843577088050694617888585538172443455997283928622863747136566002497345816
2.79336935350681645765351448602664039646411766026017128167104444085250142798186067	0.05093220436104423702593439738263352939055612527955894463651543931298393934975259
3.68870267790827020959152635190868698532268427810768409855252253294491481013229648	0.02397619301568484184006620227647268521049996406772976448771939819750914624066551
4.71164114655497269361872283627747369977043830142340956409653419427134148147076846	0.00977462524671445961893692186127379974522810715966608831609390970278664269318635
5.86385087834371811427316423799582987370633366590643844764565462990446684311612820	0.00345793999301848686131569840036684166041372796320716871424262281009296620707467
7.14724790810228825068569195197942362716274256262218955434478690860006810510122604	0.00106224689389687193503699461598919540436707220280958226122058331743142179264981
8.56401701758616376271852204208813232983422323587497398823252766804363434803571498	0.00028327168532432471583073942888463044758066706682747906373364791659285432467082
10.11663404845193940684962965639524480307876314497584156939526622560773718194684867	0.00006550940500324629279785028594817259758172931227715915185042827943676891445493
11.80789229400458484284158670436063044361624976829039198627295426742936536879203372	0.00001311606907326778412490761911401480145242410938520660501267257188680075038118
13.64093371253708722837167636065012027266497758372430488984979068851671076797988706	0.00000226845287877936505454621104667667552980123569221924143846098978720319986764
15.61928589333907383720196365218801457552987706596286120110254304090981430268227638	0.00000033796264822006792108108036279644802025070934840977903873218532578924092580
17.74690595009566304257387749542437728612928336177805921647817649692936168577901691	0.00000004322821322282088568928946955011833416554649699587856439134464835629971588
20.02823283457489052961261481017511725464449466120283045044615083563313431383056171	0.00000000472849377099077932790686420927727099429636086996787788103901174687760588
22.46824998349841835137178622899453661013064337790303699983044178969016666288495270	0.00000000044031741042328488129421734066124498824024527056434718937640347729166606
25.07256077242620379439608620940097698492864720480383962412062761293050392245620232	0.00000000003472441484803822485564436402683984465005975188226296324874784030682890
27.84748000916886272075170414045579970497710334522113400995774928816525443264886758	0.00000000000230538154491682216159498878288981877562911469530078593836076372056567
30.80014573944546270075438519619111146680652524007896389873092334246896554587435719	0.00000000000012797725976766356072089642667656727576980280738132001301409406704646
33.93865708491371960909885858628199902587323849624388798438203643094055675704237362	0.00000000000000589417717235115294468542343386421393849165960686232689122684627126
37.27224588047600432832076099060742070900882581010071894421287242282173448847034078	0.00000000000000022322175799045774183513623956851821834055674911298504513062631055
40.81149282388692046615567558160064266795325158724923656648153218023237208514379824	0.00000000000000000688033648428430234094525981701080980377706533970165323203234384
44.56860317533446270712302063449835594552108130428250395052497266233053348479359171	0.00000000000000000017056037368180867484646371930894122260958671214082065952469471
48.55776353305999228096204880670679366144876594111490323762008591910312239472805411	0.00000000000000000000335371194066618293546602262517426630405065523969104492375349
52.79561118721693296935202113739176386468133011991339735173493802913389384309699761	0.00000000000000000000005146199560136679140835646236201600780591563941633671899980
57.30186332339362749503374699589216516539480729378872659548489552864341957735727627	0.00000000000000000000000060447625115876632889650101110311264097683774154837803014
62.10017907277511161216819905789899212829627449827719186307161470762525567277726860	0.00000000000000000000000000531058477732133075275866045152698753030064067616047714
67.21937092712699879908027755188870548249199086276153151546667090362425177028087782	0.00000000000000000000000000003392528053280521896058360450823874937120781304112389
72.69515884761246211752192772426193858754318094597154374440010821936026402116710069	0.00000000000000000000000000000015217354931814569975433475894351246572363624249740
78.57280291157130928054389683348125968251374616507051556543454797195548541585414824	0.00000000000000000000000000000000045852916145026869175647010509409751096837709712
84.91123113570498454270156470966631867380545542237822832505734745607634915980430836	0.00000000000000000000000000000000000087621586574862485610446398687317931405463095
91.78987467123637699233719348062731536527261169088930099248579125314098786123459020	0.00000000000000000000000000000000000000098274157251479333060667186328142027737871
99.32080871744680825010905416548681232546713909598505733548957732744027825449283387	0.00000000000000000000000000000000000000000058011520191697791084814837036550242203
107.67244063938827252079676761132266456489436636241241411655293204791280841906397425	0.00000000000000000000000000000000000000000000015309086846066868535690771794233442
117.12230951269068880765064412355070215650915273018181029061277046228437867725409580	0.00000000000000000000000000000000000000000000000001381986305649328099744095647149
128.20184198825565119254110438963126356905018343000715328961395885401291541767768483	0.00000000000000000000000000000000000000000000000000000025666336050123721838139310
142.28004446915999788834883535954176420971149849240547656849192178222807581779423132	0.00000000000000000000000000000000000000000000000000000000000027003609402170336406

