41
0.03484006412523880945921544896308963831570344437347539890796364444808670245348176	0.08635545701947166110882079921583008015657914473613301683457634157867480710195585
0.18362508701663887902851562149516565971723842517361685517751182642876153203400802	0.17333264559289867146576350843939637594757568271882710108299499818968448058171776
0.45152505890551542241210715641239458095666243959249737884056675409480666540266609	0.20856810393810617083960181321304544781852752006248248813775497506011432446262479
0.83898561090793533797051459400760425504664584228657715361574572160494785692052929	0.19335043020741903859568330385148563953406935115687184101409176462445876845808576
1.34657594330786687470157329927454313140543712656001340385803797069183600176453800	0.14772439433377755387174629184703712022154826349099007400243161239744262276457991
1.97503995935015839999071384642631000062527308344946274228313904444454995498894797	0.09562973949586150934285317158603063155053565777675895212256134167222552416334365
2.72530671207309128188293363752682773791782814375202347985238274209777280935252614	0.05317612027395986733069126386530274907639892818094475288883427228712462926422098
3.59849894479793803794835554848492135405117456169151428764137187949807477927854653	0.02558823424235870180909787529575709620310183267526594300622030803199960625138660
4.59594284949541657007550757546692642188492612429192010949800948000087323749376525	0.01069891766093605028996342187153114250412022736342562266525544455899784081450690
5.71917969983465846876235962038603389527487917056901051386920750795251064264599005	0.00389523849800192819953643147613363903771476322906500626453087467688138768436637
6.96997971310658301649338426107168010997591744806007533526134833722400751430773178	0.00123588673210780020363080259711877025443422978463963032580078487150181092312460
8.35035848470759655917926764701013659315320671789508905650326448677238415673129510	0.00034168442854353178726368709315378282282387033707679534858610080316703225988053
9.86259639570965525177409428641528706210499673628564406124852109879728132141825127	0.00008224518020539585427968480718575672663644858973009638733878815534412206963095
11.50926148192079944349891782950713950084142948937086015495243705411545147274477024	0.00001721106399958369470575669466989477569272497542651629777570509122420247295444
13.29323636810245218089011012175376868929007783063132900960291156519317812720405025	0.00000312503224715398374581180948640434810307043610159021203206525151938103305378
15.21775001864135092884765437652280343492700265261552367401710990544741877494098696	0.00000049109498448310251353141625063069918508106156072872796539046545381092764709
17.28641524539234552449685517736165447347742089271645502490656042707842533921031032	0.00000006659395758269559011344327911699952518657104850074255449289625811903902896
19.50327315837822839265597446872809055466512953719035443800084462980151455105331873	0.00000000776479538935682610880502246122561278061800454987919204493429628820645689
21.87284606499899546911292291650260925828506698553406030423752264949206323439844358	0.00000000077531616961496684598684486210607136622292221927764769387304381038255185
24.40020074589584549063863289139299196839952997254050288952691915363939083579628606	0.00000000006598561320002700665018852687605429741363395862824742090300433068364064
27.09102460004355958417270442048800077693756249360444887156491773226970159641506153	0.00000000000476126275522561259243127388351596251043502931266733696238466419478838
29.95171791521534522986815916254897186934969935539866675942155673106834374660546927	0.00000000000028950494277634967820674784183674237341059536865077207665444081764445
32.98950656703532310231901225748359438387969549793182239976276036506081314242046168	0.00000000000001473132657563152810820873371541792811532923792544696553758706981674
36.21258090696997317407545050798346043817703356297655973703103746790595057596079502	0.00000000000000062236729505434098939399245503633607579248089102566244048072634551
39.63026866032576371587376505074820981271388146158332525380142042843357260701353663	0.00000000000000002163425231110095272593516309809372620755803248314330278947561880
43.25325262171782700999064726342120114769262211887718000479498197286654510018883232	0.00000000000000000061236667938487762321065742286653475569091854784634275424363536
47.09384829014117302538772929705851511750251238106744545091646002397238222521216867	0.00000000000000000001394557381113929557029246272669430498190984632781346133935560
51.16636311954953571023935807900309053494241192630912182430880163957340049243799539	0.00000000000000000000025196591386393873313953349849770281598190810499517220400251
55.48756910723647725394684715431417188759312898346542179597853184876966153886219603	0.00000000000000000000000355302442913891375471429429307308561854261551068919735752
60.07733632331718882611953719524522025525620166069990470000574358810642182214201856	0.00000000000000000000000003834892567643325517490990294765204008905614140276327561
64.95950089367760581156502959361435101496754906753147476815017545369381608995521491	0.00000000000000000000000000030950289934154315859054438818665319729302980139294675
70.16308478241473579856242194242498016661392740147917111063388630809570122425426651	0.00000000000000000000000000000181545615596213816345048456753360337673159256285522
75.72406208562090353630925643064322092883138107964269808574406747673591915177146499	0.00000000000000000000000000000000747169937643695148778834830832263756852173919813
81.68801010001929020866713428656972946740389059068603861903247252858124610290049816	0.00000000000000000000000000000000002063489766913133894587998474791930469334086692
88.11426628037867779047079126516599439861591975677617191378850987081421566103315144	0.00000000000000000000000000000000000003608761745448161277790715912636745229541057
95.08281214828220865540866235441861409889303276317766789398484856886929577738247968	0.00000000000000000000000000000000000000003696689122387187012354886144146449780828
102.70650166143908976102309134589060076471699033298298234924428627063632252469227057	0.00000000000000000000000000000000000000000001987411987876538534103351336895953343
111.15492195872506551101721628034993060462284463772532547741434176184392989164583479	0.00000000000000000000000000000000000000000000000475752031803419291763662206186112
120.70758256104157816476553017744015273513095314951662318650795877239973352196602655	0.00000000000000000000000000000000000000000000000000038724862014470286627126202656
131.89975436227674667340071658468882032580506160479264721561526172370296589212232301	0.00000000000000000000000000000000000000000000000000000000642131713584803425666807
146.11059744790362111699732902578919095003815354919529731049660358777672580487749090	0.00000000000000000000000000000000000000000000000000000000000000591215183605422617

