42
0.03402022549833770105919837260805335698539401775459737218877468811821425913191411	0.08439226973817907388620311676759631189946937091005934054247378956844468937639534
0.17930162178266213093718208213439600915990108092759973995122089298118607392208595	0.16998193452685185781873623804624853226276451353454126925666498456351758089028201
0.44088281003086862404623545532888786926573028934572971551367322525870293770693382	0.20582242225647799485551510073361870340527762549936990265748383726834464669803084
0.81918127183636605029427920692062709872394665821302446667214973780672764766587717	0.19254722860052456387657258121931066958797642361065846580504677543802613504565190
1.31472693581282290411190234303255196147843720979005096886367571882711802392868145	0.14887901229283805519296386242332917506077155507469984012405848461212311113829002
1.92821169965313154009944292815383521425759996267426857596675272616731086017313663	0.09781995684570904369703737743145057311052721170103779239975236743124605439139287
2.66049907771256934138213658109350904302214521695734830605105468732420417244611325	0.05537281316709201251279542424384907638357251217457666573317894135300178559688003
3.51263182598289231843656360352702176631371174566975401608237837223595989882039527	0.02720772446034142310346852340762881309442046153390529254049225511974609462897964
4.48584057346923576995612141018268632949407251040558001888783031274733553112922542	0.01165282458739228027458526467757898279835904027907665838165482009890321952605642
5.58155407317673177626090304389421523595583069417162749613685376250912996295200903	0.00435994110374298558688365947279728770066632895425949689778756572649140950199971
6.80141138249831420885089285573130301894399853787905837477307251860423595936551586	0.00142643641969671157362802095626531164170313081800004175052186786763416248223766
8.14727626263223748723368678137521426856386035213807467923192830582028616569645787	0.00040809678646726561703865731624759689652885953596629336127800855459968765097502
9.62125412960383874789465876218406696149608411132600619064995337512509537283327991	0.00010202925779025610818971307293924788289383728877337438938388681938055492408879
11.22571195916054264195520324433350279244899949571867435644707298839232501226639597	0.00002226365534369414233280207089013007018022976369713209438426573069507308827635
12.96330163944116876837681321095812570647447056149879670528503166562570238219069335	0.00000423267357473855702691265312158345346421065254538243171704242696796463204664
14.83698738203308747401127030294228037202394921938684195569050393754424441580871518	0.00000069953223223526880026708485740465010875880029740456951492545614361415572673
16.85007795059612194916517275234785477165998560449917439445463445907633885857908227	0.00000010023043989849661808775473745998561668516845908999230804270674036425608321
19.00626465664472633285342529462848869242190059275274518850556172795900744493243945	0.00000001241102819164270828374835944395600511321747120162445638222800868081002258
21.30966631836184242828690338840210494330213512404800613155348206822770561827512264	0.00000000132322146682756579713611843752460586651015562495418823338251319545642229
23.76488270009980895648735798790821496341240799428559577288305858194708308391139841	0.00000000012095997682396703712242579270405073317320016414693168743703987762590804
26.37705837524009731730941204466660835386999276920584862703543161080322711585506863	0.00000000000943513755938455416875398330839462467575453507487608683763663189921853
29.15195952301513837258022365215362911567089001895643823854828862888155606385840900	0.00000000000062457078184539722415131993910774961838759038514778201611212103593867
32.09606693833820075887013341240115413597698585727333849463622407403916857723225077	0.00000000000003486995604249969328322192727007950310414180297504906979841874163100
35.21668958757495490861912083709959504293502861328212512319892252685146114475449443	0.00000000000000163042492128350832543416751796860768350815287805881685240057855841
38.52210450995477359511628206983713313246913399959674861841434739219642753212472755	0.00000000000000006333583306942143614276568208858470875969893108470586334247608369
42.02173093880911481072411488643107004149746656693472039078104493454553921160538907	0.00000000000000000202544613734041293071360028924814909539521447859938142761077115
45.72634950323298096994753182815628804844004312115426929441679168709092074594946885	0.00000000000000000005276540790644344674645734784085971685834784503040155951822182
49.64838175504007821976508402936564625499098425589758164983821241999816038412113790	0.00000000000000000000110627709256577201838036475470242028496888100577754007706581
53.80225184439290513863090890271531791572011358329439967374448207916787885540621102	0.00000000000000000000001840492838725815591007675561257021458937932377138120067187
58.20486228311769335577048451693852061796963358806784113306248619458004521283818406	0.00000000000000000000000023898421577510816909077600534132080481779573901561936359
62.87623172585976220233309466030903249035683038540747929711182229842642198294843051	0.00000000000000000000000000237491648934158498037238333007139253391511059596911441
67.84036878911216395445224258810440122746130532585753166397979001807031098326907877	0.00000000000000000000000000001764213036297216557185119121402351915554771980186341
73.12650006961439044735177293632233561169524182159802465203592084527234242091394941	0.00000000000000000000000000000009520029548347896222599933499638874691310299456166
78.77084843616070716588996676090219494983917057959778453286683468203238181085045023	0.00000000000000000000000000000000036016568105336810568848456077142036239362779342
84.81930224150491534587347555413888859134784445172570678783940211154776560111276122	0.00000000000000000000000000000000000091336025000018154526374834549164424766297092
91.33160097661630548363312096280387040189571510230034474875739023919975870624586431	0.00000000000000000000000000000000000000146454978244093053305429066609621908164202
98.38826716332674779197622255047258894459205467857947759048283216691708102789815583	0.00000000000000000000000000000000000000000137270358883481888474360427973134859193
106.10292086754742828595860035272497573063102353531710119911213642913271544357510216	0.00000000000000000000000000000000000000000000067335786883758672277967699518673523
114.64631047230914174179881726433945285119672533388830755054375194044960138894323183	0.00000000000000000000000000000000000000000000000014648782761160743793573327890626
124.29988563509785761905822375384960392359234923913407439236686193772542231708578726	0.00000000000000000000000000000000000000000000000000001077196964725996497197425354
135.60270289446873192609537735694289869894928639568774106869227520460128190910660819	0.00000000000000000000000000000000000000000000000000000000015980240251401729873072
149.94392097363860343654643947163785354349761979780056084674608682617261788256976600	0.00000000000000000000000000000000000000000000000000000000000000012905253114156586

