43
0.03323808542474621318106010847286620690829048310255918532219958068032903047198515	0.08251631811115619081549450722901164763809315518572618907037621245230736738183064
0.17517712820996224005416351178612900503535254477972716576592432687525359705037029	0.16675553095932646322986986327703247563725875105254214681644881807388201316556701
0.43073107028859235020684734828079587225253488017637805169153396568601634486817038	0.20312689726278242986505740868153611679717581884084283977452358220199540721828929
0.80029172532678845414553369002199379826448408283101864662071939289243036009202113	0.19168020819782320023773119100641650804516707115248802485183425310956003939251071
1.28435331077381468873732645253349881273781300927999800449843502234788370504416824	0.14990704193944157033250731099516696453794404280768221479780616678814564791964021
1.88356047750713239894903430612434266853226761298699161021876529687374824727516382	0.09990061338988918170934503119214525528326488881320983373148931304828588042519002
2.59871725692538802901175266877682956002963944785939229746570712010717084258441689	0.05751995085504946073221385616392506144716186667332260602516436917828864186136350
3.43079389382158884504583320150143805595065306432960792764507314037010305717624225	0.02883072578587839247578657533844486548222719474806740221142135670651398394740805
4.38093450661940710854775312231663973403492391024126342673452683597739442513249230	0.01263378018766872641006950471380983833142993654518103761077104382389296530360983
5.45046615108620534580897286624703680721681242480729811848391247165429883566887884	0.00485134788896559959399879362966987100390263137099783798927786426672977810021290
6.64090956085495952493496635236290398204082745628742540467257240565843213526253312	0.00163420142315642951030093307089392968038767179334206206399638809140029559433013
7.95399181052161725821903560465411125340841663565761649269777343873730014748846742	0.00048298984730168569651159152180738878638368002445706259988635234296946816124631
9.39166117915011642107194746246687144106570536045553098398954873269807981178357603	0.00012518113242379503278998896291065810340782296901219529704396780304012156863443
10.95610454751791333909015360960036379559130835694938871005841665280550659544481421	0.00002842135628364423516547617417986361300753293780321848077995330628134903910864
12.64976773575840835330433292947880677938728095591935667178410517986010891322982532	0.00000564391490119641417368564217608061725232064660571034062187794278664989216981
14.47537928102162613625737423330830598116446998501760430067061131040780738492579763	0.00000097830643814065130431062725865783651921008608283864330032984765830725647894
16.43597827225836379981450037786052720794512853539231567816934555347878168929008853	0.00000014766174199357267822948440802635004441494629701295434715385639968763640607
18.53494700855594726000081464001246245813295696808775270137002400906152986423565081	0.00000001935126165557700467562098691151555587693393548588609360069517130739048223
20.77604943883793470908053832224229977956776802813165596479198513404734472482991034	0.00000000219457871435275407807056172798459603142781891841677502501426999523698231
23.16347658835472106599568156726991591546968446268553643463842488611100358484723316	0.00000000021455383674959450404428070454900186626742915270049240447703312072017618
25.70190050101572360858334955899488583547246421380379490029800104968045231318148015	0.00000000001800444843618882686232155436505367471058445050922364750765949753852560
28.39653865416970027682614030237963079962469042424551753046892576541670053145982397	0.00000000000129046413136595139754834025115026597355574244694852249172221405460294
31.25323137387233548845866853068514419838384064629043560657088011153210800766682081	0.00000000000007856296312650811291910775775297797188670426035463969966025220483236
34.27853555196839918539494289040617939850143251467292496731264974653218086297636716	0.00000000000000403701436929494167989511038078737505053328604921344611060654422446
37.47983902696031750816532286265515297443452240714084807378240006810263096855674260	0.00000000000000017384917446210087074780526143449358185530023590400488041907112245
40.86550146692297312919669069475037609263864985846073289006470964919136619506963875	0.00000000000000000622343843370878170516373030611127676981420560525007163443428898
44.44502968081882398179170136762452684623993369820798697055363204499131467580809075	0.00000000000000000018348976945086044802662893592711433781106912699693740881281684
48.22929829072524371040937050847692849132769800969618616078697248231717514793535585	0.00000000000000000000440864471354571508018621249739359101042879032899554668012628
52.23083111096512176089815312267901820296399976866034837202371399787276065938230325	0.00000000000000000000008526861949327594199812670933026596924871008389917158539747
56.46416520275422091737613888233495330308248633034128572226764312066597463292352886	0.00000000000000000000000130882126000413314134637911296017549384922314025756894424
60.94632975686360149248608094276792853752812803301030102037719991114009655835892567	0.00000000000000000000000001567937714290374789612132299255066970938119505387321622
65.69748805650259232521143545217069085309740287209256215710550146804042514839422194	0.00000000000000000000000000014373004181964127099857696688654574132474693730156610
70.74181704070082919894559732138628747028678764567246017644401852405266311969759959	0.00000000000000000000000000000098455489832142187239378080324201657448980714608395
76.10874343326445336530176443734008502985177416463769313677709641265715984906578494	0.00000000000000000000000000000000489640476945675378106813505453678611041615667665
81.83473385365523343168329837227132578074290379764688195583107075985272281827073064	0.00000000000000000000000000000000001705860283818797481115146256186264442499150128
87.96598190481124582638608089343234144227315756847158736700836978238780916020424295	0.00000000000000000000000000000000000003979260838728188612024771909500986673221530
94.56262210383421416841689294552180990718724596503630676921453258659885919738181528	0.00000000000000000000000000000000000000005860393759867726799094626416551310571264
101.70570905648291302669907657513208232704589720179133928351932764411444945780259073	0.00000000000000000000000000000000000000000005034676117609530189477564397335228880
109.50961685166409318317698723642032525186125850162919981685607819918589704352572833	0.00000000000000000000000000000000000000000000002257316910050399750167529007046715
118.14623736034144186643923571962577202588080033947789612446008967662001109430855849	0.00000000000000000000000000000000000000000000000000447074572492880011856138062396
127.89893127059917709991319983470872788114275851409716206754793004647144395271313434	0.00000000000000000000000000000000000000000000000000000029754394884994884327508133
139.31048441974577808110370929621335724653679399428682238146419286614716251296187674	0.00000000000000000000000000000000000000000000000000000000000395672175337000415113
153.77990500254633382567853987670433098915905532565130877197545963009811279565283238	0.00000000000000000000000000000000000000000000000000000000000000000280890690389669

