44
0.03249110200989154865235675857733250129002231843043476682069895305729073772665949	0.08072191665704303368717837239900048093316569818103877275863904030964462780620397
0.17123817581147099156838588521036627048408112034304645271340087092043267545550987	0.16364683768650249773685735099709722505373821764672275500313898563078498689079971
0.42103666620350700365171124602816006895762619863774982383615289625230670991718594	0.20048200417187739243529709263932584523262874046276828256243908335165009026536155
0.78225492892140341677827312275206623882183532727358413465427605420455775975060229	0.19075711214018403658622169626189822585445616533548845428002790788387313031194292
1.25535463493985928161018478760778498032331897730702110778678424905732096347324335	0.15081685936111555730048585167975471690766675427691003565174711629417415265714008
1.84093741308937306664739162412247562371968187371199022974052668857097693594231579	0.10187503126867065378136945653037791219309472226706478105230601768739024705244882
2.53975318056934882199175356175575585845147301667387408176725285665766885181612306	0.05961566916014830068522393095909221673880175038586696948171738319239125172420413
3.35270628788815133005088044601663876563400026044699170957291091687079469007764954	0.03045360152671208840205938148087581058417499577674997723707068974378341538889998
4.28086233903978965406766445724484231966493889829087074431675442621112672030900940	0.01363923815749572682354740238371287955784095439572452461144320923939633553766107
5.32545623119509801175904914484868979714581057175094813264170170688387685877156801	0.00536864897760013994366064780284867853115241648342886117172593214354422808514953
6.48790165710020089870765613664409599456234765702710016070558903097123654798451688	0.00185939633967041358292669755330500478850240796747316104793109080248508175254990
7.76980228013913935510168611577183201797317026868365914771375291679958905680385030	0.00056681211636486238120457454148389163943653908111254130012901306360802529773829
9.17296481551233399851286330330498197853714570306882434283715518494212747882349884	0.00015202198109067774847359027611200174943710617964115829803157056875261411988701
10.69941429532284600289488901748230780703474523379731033973882707466148723299766257	0.00003584096973313147504687399530445571081204490974899905380984728721253440992322
12.35141185438712241452553429510940231044673499676638238342059884166493298561567266	0.00000741759439067371624366860293652430992838934854547936875830929344168362905127
14.13147544815577176185189758411809995364238072529373858200255570866746627609491982	0.00000134516543982531082061160474019655021830324214638029202599373762959076045956
16.04240400774889327750371422183326725433731062923943619876502229398239954977410750	0.00000021328501793815213921123799055052038077355535587996628980452602739996695286
18.08730565518137304949265732900525587796346452888266829306108330595542842474910648	0.00000002949063295542394522517049298229250481991428660727727723139121852042020515
20.26963075190311587218218563573240603764913758912000127685765140705894398280330621	0.00000000354514174630907166915314838966347604996954275463199299539534037167094019
22.59321074614993480749398969936456067191588325557931969147400682032573257565159269	0.00000000036923725415892435608513291108112620360518756720321606570787906697054100
25.06230403357188787680165841493274476579554017855708715776437856559631617816032485	0.00000000003318883810577210780324973403801681473938051204929013177720768623518109
27.68165037108935972070897541242495194059805236670982945807543459883348109768779234	0.00000000000256307783620845520225162079377213035330438080255152339586891981358222
30.45653581402797450596499965864496435213018725916288244209299335550416960848136481	0.00000000000016921351798562200845304611660902461855163105754605135262449386697631
33.39287072150501460589341516783818960611325126575440516249217248103124102708343444	0.00000000000000949626836373697008127119818717203343724653018084092835912761146634
36.49728415313855323191422167994076565287565857920260118286337141547044843964579174	0.00000000000000045013130617747169943322200395069496702120042675579136505579970396
39.77723904748608955692975975518154923647767152578272472451483714621164585623733510	0.00000000000000001789173026950498584139141263629048831184781555721632857667250013
43.24117405832288220146656170499577859902479624791624597889583413670620296513127323	0.00000000000000000059146170302014354312481908285934352168783524759431484070341345
46.89868002640083980401844715129429653683132425807740151879391685967797988936662849	0.00000000000000000001611008807630156698214233369303031715631830906306117589408952
50.76072208997799127498865471500651338690987685909087141520130068739125767332512581	0.00000000000000000000035769253394433421061177969055717054255074724391530892998740
54.83992287969853596237348579904758850160846192100274952237397795777809443261878300	0.00000000000000000000000639431849367333524312480658742527170408333299894815570097
59.15092890953106032979830105463430875258193775848667708028033049723725544854682220	0.00000000000000000000000009072265999798923090756559659843160237733018286030574925
63.71089252666221734983551214063933176587272805860612112384028215002407498131005010	0.00000000000000000000000000100454153805091794079377969453728062949055458256002521
68.54011798998537181891692132860785642669879539068791871584469398139776612329828598	0.00000000000000000000000000000850940740428322417734782412868171357400850854821120
73.66294669057056617651968107185713554347377755141009269642902659422157593041047702	0.00000000000000000000000000000005384424090660639178061896643957118127166825020990
79.10900127131664053032713308934695072277573459154704380988767205641067073207912317	0.00000000000000000000000000000000024721312707088978790076558631382861479210196432
84.91498738529454179831654031676720438095061075100124850742319725017370662010606486	0.00000000000000000000000000000000000079446326470626281771303706703791232635641009
91.12739840255459249943587786907325529820548894187277440265595580795476759541759332	0.00000000000000000000000000000000000000170756730065348585974782524482036100052411
97.80675721268905111037715975569579523490085639046843180811809076993996925865491914	0.00000000000000000000000000000000000000000231358476238653718396664901835481781057
105.03464200510522461810295269835106300263008562100309080341687069941373208435358724	0.00000000000000000000000000000000000000000000182482799416403023417666312270436409
112.92616932842080680467801727193675192939487089468159905023129646454123918621940729	0.00000000000000000000000000000000000000000000000074906320001857964082592955938602
121.65435750452927995045507614557480278373072736213007420590991961996714800749064983	0.00000000000000000000000000000000000000000000000000013529229150132986872837543883
131.50445027042242802975991782416368768612461331930532966639474914071824837857840296	0.00000000000000000000000000000000000000000000000000000000816358807795698299580090
143.02290852939820170662593917172199091161645538674333243599563927302238086788929094	0.00000000000000000000000000000000000000000000000000000000000009749196932525683796
157.61844630703226397074606642979220065412338837047451553007735628706093060336937144	0.00000000000000000000000000000000000000000000000000000000000000000006096876660597

