45
0.03177695686700524374554107042786079771677169514450546492799959875710343820592421	0.07900386321857709600428166687204820960491118128506791763627516111519484771518813
0.16747251657589828304063075147484008282877961811379514273150717557054142821875071	0.16064969814261798036135527250941074281077143607214305446945276908941472162280088
0.41176935189346142362215307498850206466361025450101322847228555373239356775510372	0.19788792774994047443863893092406147735892634865065596014240740342042250670457316
0.76501433412687708616049465771743986102197643204458713308546440191745706011768787	0.18978490012961408994892169191412796576388959578799915983734913855878341992827602
1.22763940841983473789336637666736314181556897037874082765267294638733451721711125	0.15161633179828397723121342017166668749038054560407733200741267993654014296018903
1.80020694289450571687320642381068319190111018485557944711442756259394390659772974	0.10374664065632618999653963857967112400682242640344816687468451158366290248356561
2.48341751419157007029320628410589653387005329209580637980657029652112036079192860	0.06165852165047934572471728459680452898825221212505239601290343344175671193990173
3.27811545277497490072408147230852943387732036923787733789540867713456013110533994	0.03207300906568455608373876234381420569990717170042565013588616305976276646007924
4.18529493378546902459135993809591596191349905502985367384500782726723338219184266	0.01466669105530509475881251830485318248395562156752672182705957215958933950419314
5.20610713016551856303520491714015055193502932486812170271981622940699576847554113	0.00591094041059194704401471880679728079957864349766414694829496394761613946113443
6.34186864617141865344550527960257123285953628440025159786725008879441395491606671	0.00210214807179248996320850149432262624736846393955783645361560653836239863655923
7.59407141182177352967152308277253559043175322632603392471421808363424889915982563	0.00065997635763383282777782759130791059173213137596947480941279516802044834497800
8.96439423553849195050852926840564724802916375688269620512109594504714457124768022	0.00018287173922646090770741903949887010525543552768805704331274129331146184127552
10.45471624774184795499420330269576376892070647976482584262514919162051099727478041	0.00004468754859741391970381525903996160532932977041324075477924842536529793947786
12.06713251593492210706115015913237538426971381205726461853546623282771329353729362	0.00000961885264952082054670965119176784765153608566726749929880035597127217254942
13.80397217201624475928579664609047346107637758248904573902350580160958703637411158	0.00000182077845064750334817122908339242287047432222939497056970305408423508702644
15.66781946769685039024608317026934360962171499401221976707508351913829591355147205	0.00000030249820529758365254349906684422797167919650552999297542491371634408683228
17.66153826798024077117424800704467432788158075792018192056422650850819334780865571	0.00000004400399613262646263766074328311165335109006701249314017316805510323902515
19.78830061128360444967724308504947117770534167029537022959894067539436135021739177	0.00000000558947452393446625122874961601657400095936430310572720150666463471558069
22.05162011556430851547404197950839005507872336294212800506766927312356352255613574	0.00000000061800526258521580376914615309642117153615694768883778709257364545031957
24.45539120319374006716033649909374627469370673629459426512590278206268163279883044	0.00000000005926575138161785256113349887183094586903367721078413057813684567341130
27.00393536766631541269297669079097141720505647665769205533939432029411285778112633	0.00000000000490968343532153695054884951211983448978278771014860372271327922860376
29.70205603258427110042417341846879212076624896291839393866785094992017730917992786	0.00000000000034975836508759965683139207848666658604645278421399487994372860566032
32.55510398600146965782866886415510688372077541661681913279824674105841127286172962	0.00000000000002131710320460072937802348807174215889803521472396116173368347980421
35.56905595160056804748790593427872669032970116193805472859909138195860433412067089	0.00000000000000110518841652201328597373607958959805393011608750875515524430529762
38.75060964104592438403625230362953844127373181875238156741146890837150514597111035	0.00000000000000004842595191226188018049443333298258415858081628334214276763223845
42.10729970581161709113772288267770219267676611795196442745436541643735691330532247	0.00000000000000000178022212812883813434905631696358361121235764052867624713671344
45.64764050179311795147921669452203514995732245553583119888377014083699157588635926	0.00000000000000000005445275814586272814668216449506035064949922306625575091038134
49.38130369481092981579598643089297533720739158040006263572264682532247896298598380	0.00000000000000000000137281135262064031548364169804113329966149217456678860034730
53.31934178000224008149386597318027789035256896758804349283013321471219460347160635	0.00000000000000000000002821944422127757777219042579964356150158545186418963809681
57.47447305881414171502407981985235504797112425229160056258016279324688641581410154	0.00000000000000000000000046710984407366277700695741126901543174789758750462567104
61.86145032635623999810244296832327884420847941594734707273047768113673912733172160	0.00000000000000000000000000613673981517704070898625967028830636970485263453572184
66.49754583944464311858991246043111655026703645405924689618891083804298196855502975	0.00000000000000000000000000006291337056946114950395952648992580575961933831093417
71.40320144797148902654759231392706750906075843061682208752860897168625101861195360	0.00000000000000000000000000000049331123148055445475656560129569979524619834508901
76.60291938921976964471077236491435054960282636656349130314615055166695777882719552	0.00000000000000000000000000000000288821042597098365105312684101170427658619467832
82.12651428341142529944516029514031185427084301098014375110093333289649394885591274	0.00000000000000000000000000000000001226209466288491219938573767168695412966974783
88.01092637469391589956701406824119084051061012626564123402058087519260684311358590	0.00000000000000000000000000000000000003640845657075476307901186984672645839044410
94.30294360970991323364501002100251837427061633853332778983271060937394286718800222	0.00000000000000000000000000000000000000007221766658476636768020690376265870007338
101.06347092231989498334456792942903032861215959043396756086299063904638194555793709	0.00000000000000000000000000000000000000000009016172818821736947916921458309307656
108.37460196797775734952361386484572936036538105167415399413762451057012736172939443	0.00000000000000000000000000000000000000000000006539402818724925669410416205992349
116.35218467519680999742923408316778550547773595866899016696156114865413365540638377	0.00000000000000000000000000000000000000000000000002461513678598668159161153405583
125.17034745017208881392877389248705373703161597382256829449559055516077558828632049	0.00000000000000000000000000000000000000000000000000000406095265417576887056834121
135.11619015017160228178008952687303064377561320411473175533537778857849100664718425	0.00000000000000000000000000000000000000000000000000000000022253609931215085063246
146.73979649749683700736061634276364798544618860186451694436688742723084519188031214	0.00000000000000000000000000000000000000000000000000000000000000239092492777213736
161.45944790908845988994644540960323299352741040614971495543479600755515422651192431	0.00000000000000000000000000000000000000000000000000000000000000000000131984539335

