46
0.03109353107846225686974196823897995925414289404542100790642894412427279300543419	0.07735738869600632341893984896945002684742807998442305536151784275897575907937628
0.16386895759799727358832179518703369732710101291343158311451778653397527118798285	0.15775836233102829192526282892608524064805764569821582328832987788601626978838988
0.40290149286506743572658756419585517636440345357169218339457498054918662509078717	0.19534461246059093482891719326695152593535045250867164569136555823442566251824292
0.74851829067487873291735783062510965581300198773670278452936754649850481406651846	0.18876982967894256487231121330065340975981953032299998466084278674613411744963752
1.20112409096138338062231589691925398510456139876029610037720170311035375157894660	0.15231284023382329766370126884328833544609889755303851229697641828630453148440886
1.76124535891795522080691278516711721403932571846394044158916127251139386197175941	0.10551893703868217996578865003797792388464824132226957924363176381684524536961573
2.42953758692860298797294980270590147752023632273273703193130384601852216388718583	0.06364743325284759320171629020873929813680084764436358731087953707584017803913605
3.20679031538701691717235099961466040031600404977031433352298355536847525067921656	0.03368589028037483833295875522796673058406289978026742753259874579303541010662899
4.09393258816886101547304084253521259985031107971123159301629802060504093286214711	0.01571368634225725514419583299471299645140909855594553881546931385023223111755406
5.09203933543456085856717499625113956105669182602014321280930163526167889732164035	0.00647723924325548605565400271314456173149405502733554185633913180423857000276880
6.20233888088174994429587000102150409408797532867894232839732227153911592299473025	0.00236249982176802384305131439040893077745816989510817543817313697366145469110160
7.42622172971064976473379864218180440890039567602850773165439323400948709863093700	0.00076285714040268829345359021343521660335852093600857752523388508482995728687397
8.76525080487124117870777025278011245440596785027771677179416210414247277025940860	0.00021804631648174849292395902829948373186545525976197082071146659021233653502662
10.22117332762808832856855901236966647341180902560240485340769941405405911748367182	0.00005513324769693204215982601127815693672057247128357473466554413281340133992381
11.79593457733739755923098478087544331501108861951926373074034111016831923431662708	0.00001231904455120777800169711859743446546166664007139897385051976268756084072880
13.49169381423185654678537635154088372882231265149187875950841808166185371331867156	0.00000242891465634744979966958783823954495300330544297309161331216120624996532806
15.31084270971807205320885225976185018514154248841764288089021281305070276820923491	0.00000042182918562725405704385849538264254097018090247985779762038606758890266081
17.25602670420180794310520375116748540471144144744537632775299998479100879665263979	0.00000006438957180006636338682254818285009124693740022177281704945526203745610852
19.33016980695767940351379765635225837601051045336103264755997254954111876188272468	0.00000000861710216343398409630917321997754549425152477243489550945348925438565137
21.53650347173321811914448813018651716862101295259399620991248511277488005614077988	0.00000000100815530961676497536775181378964311119527463807908503705627317452146975
23.87860033331658011727432292878594899696479023418357520091258229707615492566868631	0.00000000010277798537144957759145779680149135546904693256053439109922861530605091
26.36041378469989469157661518671281632113191161228043136696278816758183225253291283	0.00000000000909671361485615978293022886726193141134399745411411256915971993477872
28.98632462620209579038205580740621666499162605556859525928256213843993735211623971	0.00000000000069612704949544811593087024013209332776184271128020608079686619187767
31.76119634713946825679077247791529063679041999982176252886704568785636288295981369	0.00000000000004584597028786549678740255401920430349232701761897668637138471496758
34.69044103580703850084411313952305345232904430792673183142419999630913006340818825	0.00000000000000258503651429197424500298505288457677740669773284789576781775162270
37.78009849536983242205602788893944989240940695130818527700498365106660059982846645	0.00000000000000012406579655151072515450310575601952414672562293641262520910414645
41.03693193085583839404984771910635382022387842029679643255774566094133212099817326	0.00000000000000000503509407496678933576610262337599401866626527971545396756886321
44.46854465294911571591846157559546629891420606651780917573329439279775302273371841	0.00000000000000000017152126931972678499447369331548839047933732755901056422604907
48.08352374848653501922681361814818045348953004223338491195111720124120861610560577	0.00000000000000000000486342293570951806546129696467900684476009698622801834221715
51.89161879546551338337980935425667341143252188065233826839637539801522576828274100	0.00000000000000000000011369389588241783803413758709777320635950361515235900658748
55.90396676424932239662758020283143637087459649340961230912826989892315665892902010	0.00000000000000000000000216752497510598277077332045948651791439097231707108926125
60.13337874542879418620636631720827609600759290371946266581802453355418585187258886	0.00000000000000000000000003327864369187433720265428817435038327026864489145462422
64.59471089618968022704793961477317963010773463644049976353383809168996522327571321	0.00000000000000000000000000040551691104744673194688075431313896597669695975989096
69.30535238010279065851317118773847684900764744572033648945122504756740413598636290	0.00000000000000000000000000000385548643717243556773091637122231183083336663532217
74.28587949169009311385526403318345141985618826440482600421369594491331593841592973	0.00000000000000000000000000000002802862187127723962354078270693929395738756058189
79.56095194499171360812577747543904427743907515902671501074022543707982357825098333	0.00000000000000000000000000000000015207684502203869582291141885897011992847910538
85.16057263485912552927322539793254712140857602496289011502937844490331774623414565	0.00000000000000000000000000000000000059796768199886010280679277914533194408487549
91.12191220205663445242087097222429909113261973215805603177794066665489959054263350	0.00000000000000000000000000000000000000164292392832527962098528710342464004211340
97.49204824543259411017692560345754014510026091410458884599362307497705305670589250	0.00000000000000000000000000000000000000000301201102620396476178080292109850942465
104.33226171301192024699331393331647032848292729640421277093799119206276378954845870	0.00000000000000000000000000000000000000000000347027557764172067174644882280304468
111.72515396174817365781904077051465335048980412381308270077893748889590741602399034	0.00000000000000000000000000000000000000000000000231801811785042836532673266512802
119.78729366926190454310207083433980465375969351695916323985003370049756632681086050	0.00000000000000000000000000000000000000000000000000080132973502967609562903543501
128.69390358564943997581251820516236941474040371916869442834237272526280018969903388	0.00000000000000000000000000000000000000000000000000000012094352124440187741086198
138.73391374797265590767253449937498723895611150474942645335196391449360929996920651	0.00000000000000000000000000000000000000000000000000000000000602861676212867609500
150.46098031954759878526472820468416710741982025418998666935924069729808488375566576	0.00000000000000000000000000000000000000000000000000000000000000005837198026755808
165.30281857222909938857837773175205762076977620283616373479139858358618610780392477	0.00000000000000000000000000000000000000000000000000000000000000000000002849888446

