47
0.03043888419437667186319597952051638783218979274268798801922418063835202898967304	0.07577811292311641517797328648699957284759472622483797018420549751290395444542647
0.16041724982934306133694474958401120031925448285550263069784077183920127747102780	0.15496745556580411669282360382596289320008130715376833022032116736036838327346684
0.39440778995299087489808019870697723177463820299549101652301643929273413481545067	0.19285180467984578174852598643361598643250022790912083558443441415491407834521746
0.73271952675175070453882235759739011645032831379253731689698648022397242821364730	0.18771752856936152374537803351598955754705362367350232902628654934923592229943716
1.17573225312604055086896531276833358246497404906103194829436059515533257665475334	0.15291330305354038481218647384240459247260688499855055629539289303471898735215093
1.72393953657360236893667985087221276676473171542358127496003558053882075147472903	0.10719544576291999597723552106082602642988159859791623580839638489688635768259319
2.37795559031089840488791793594984595170855310446682443522937848088196753708094585	0.06558165768852872805392767475905942601119375820374768396585684216680319707306097
3.13851983381318767845102532191100524801793838383648927827150674257494891432591937	0.03528946015355532163314830645607013032056570782147084573026986951534532482536093
4.00650179291767041570719287400481607703050139743834695839880911260126833758280372	0.01677783946022940618411778183357161299931253705569244173444859089660713532687263
4.98290681101977100687011632742104440102062458185726561076058140138130392181670631	0.00706649773098404927428167680123990348879513149435941733084949737905381562919395
6.06888275079333873519736382065985782836347293683154995882628171491123223429733366	0.00264041571778420472493377911541939421545237294702578593296047366743906787797484
7.26572782253418169836703325750518343754387425748206990032120163609687669375921722	0.00087578905326661572434953132820100262109863057750471421313355363304120992870366
8.57489968221572907506683346828128844686570937640066477063880782578345559195134671	0.00025785499167889075532532503764107235904942740751248492571929557868746040232032
9.99802596517218400396149577218132258895773745095714150420954423209087307438746409	0.00006735609535560914941113759959112772745051865295854471282462302613450435409381
11.53691645307244188717199664043110719676383705050191735167531589911383351673571063	0.00001559556401358041244009405911862051272180720374053004483354184759278287414599
13.19357711179307355742101249160653311803936093945589582771874209553058836737976170	0.00000319659058390004071831969013549670013887397457189336381485275251391775937183
14.97022628715892635553556203079865773077278914899472707021580162598697957740564101	0.00000057906378984005516771414289576403437672247886443707339775169098818700487575
16.86931340653586385935684708482980995065967454131400638188235627145356620758835265	0.00000009252705475744174089168760675257478192228262691622664533361350287353165099
18.89354061009428904619440154875321164607206811899711529103099307873132712104940601	0.00000001301132110936054883873025243144378099715660532696973784757621438509875141
21.04588783048265752717315935714288953491940627450470079895673205138871184320066739	0.00000000160600136986726784637167714576314292424689048293241770487066180710752642
23.32964195939127994691557651847519869701466000036382359474689429688583782572165541	0.00000000017348052272143484653147849713767784124631400132537149841310451297295399
25.74843089179568479575160371714555175567044776897962133176917362153743672152714609	0.00000000001634483733743478775675328818146218064530797742616572362262392831333951
28.30626343410824761435880061573984075438366692906182695628311567775807117650179902	0.00000000000133814354387764188822423209893688249417530238119683833191512656568319
31.00757631559014340497911340890251106853947272658470384601461964722743389995458364	0.00000000000009479575221937201063036336726188435135309655310991601871530186084157
33.85728987346837072676155402834579655389079299763440594351127109861180903244747239	0.00000000000000578354091187203490123107775481122723160119629942559127255125946867
36.86087441989548789397937931657169879534061904575825544384749174654709032482220513	0.00000000000000030229308793923295230678215410189523524961951782836765564642233888
40.02442988414196657976889497426841958827428615373703341488376975621404592507922056	0.00000000000000001345631231641329749023710130388635653427887357288313630018506896
43.35478211568152910368541239682757083581969054282169677823725321996397466656693755	0.00000000000000000050676249888643658416142124919585955250742938283979826147726490
46.85960032081320646106023396476302401869227281352003485677343179607586811685064095	0.00000000000000000001602560664406079888547967864199374657053181862590879427152838
50.54754161875559852745621938873918434565473921670907023984866875776303301811642949	0.00000000000000000000042196853150177833408954818651944759154924700467565595400008
54.42843084399473857601932185167102621260237057980451706733977367340910113647560752	0.00000000000000000000000916267124258206738724235435784222753821464284901252227773
58.51348680429658130321388523275127930175459024175076155597773981746017525927610618	0.00000000000000000000000016227906767016136428040376487043786491516802841212922342
62.81561073025988949376199086945706322984906239091366624491599463251829309160778606	0.00000000000000000000000000231473808267119864503581092467585681596263537432199004
67.34975944546881562776827506985187853575719588242657859391895354202594228592452523	0.00000000000000000000000000002620360979437437770165078113989288265615450064889067
72.13343623400372293632390512183086195206348333188905960474176854675035126315454634	0.00000000000000000000000000000023140535943953699143749098301159170143991106933940
77.18734890125942250053013956627370103092442998193115309850745205594842807856412754	0.00000000000000000000000000000000156208620321169554032198237647198248143285119198
82.53631148050359495838384156666209163898097991346615657400808255488225589466540420	0.00000000000000000000000000000000000786635165007805900651010909316493295074331540
88.21051165405411215718697480998186905070759123784788439068923441663328980624320354	0.00000000000000000000000000000000000002868870497281511260975808983212205417599925
94.24734648982324585679998396520766711701198064645535702174576188477504361914566990	0.00000000000000000000000000000000000000007304484956111544123489840603384359143452
100.69417855741631590817061329437476160850776538183029171108804144634035639442798739	0.00000000000000000000000000000000000000000012395332235198927991515269845584965161
107.61265906289713365393276702631357714331463837282279253288574651054867180059282906	0.00000000000000000000000000000000000000000000013198457464111721672010376084308267
115.08588962682499029408803805612436400802321543084509085764340937186958840851999264	0.00000000000000000000000000000000000000000000000008130977989113228402094170028582
123.23114946320214376134245546264981383946767181259625372167265450666644694914202548	0.00000000000000000000000000000000000000000000000000002585250174023910258636607302
132.22474051182369230062225355049643205286071497653558482135025352708608062848289350	0.00000000000000000000000000000000000000000000000000000000357492352017658233599152
142.35739797790497494809430017869050300538618855329204543843284553857459972982043874	0.00000000000000000000000000000000000000000000000000000000000016234338183067396047
154.18630184947221854986907379360616140685646601081305523228034163669359775685186583	0.00000000000000000000000000000000000000000000000000000000000000000141891808875801
169.14847234481057463537074587375213801030934293969973181335874050301783105333634311	0.00000000000000000000000000000000000000000000000000000000000000000000000061385078

