48
0.02981123582996011068298536673980891406591727244211496102969830162343504736625182	0.07426200582802624377285478307006071271196336333851909247762153575482397533047974
0.15710799061787630222819517893986751098831308358548319132450581041094224274939871	0.15227194980935281150323648320255530704239913506122218138234447663414251768965752
0.38626503757645558642881662943885617193351675945592594169002808390105138644398906	0.19040908826391142770166915228574309987084447190875182764342343347763991880893143
0.71757469411697225457357660805598928508298449435673867010204896305156192184728638	0.18663305948480594142708906078507916643962478638940897606078704336299963560178525
1.15139383402643463980184566755258365205584677133054630233777826658811860325750043	0.15342420015757829974178089311018931213599847850764322130116743940831463186252536
1.68818582341904720592285004127482640896475463763014497699977097387200042357916242	0.10877969280749025255088956340733318847615659921093474663615618127772735302914648
2.32852700665322873332764798204443336835659574089719947068084331300232651814081247	0.06746073860921946270134458534452948310954524600858689662953215573047590813459189
3.07311086165263883575281517844007866979521335567098284743526965559757697953333195	0.03688119411582121027412655943427501467465953132008970935274025440732988156407308
3.92275241304648049404373262669193710960795917954653257473380821572088206919152675	0.01785684426915671955769703835594201176063608551501560547325568534617486183803606
4.87839335592134610923895222351373808664720675892299831145505577828708742285950905	0.00767761651449760892375342400181262528925986167309385702718048365219555332136232
5.94110805462455896865557843817186795068550679787726678351035746609241901631310874	0.00293578590373947346709632961058551769920398175871880380699749077617966175334346
7.11211053589074335395756436908559863482857975281993365069148446504058353925645335	0.00099906553781588580412518463199848747576091282511645285369778400022752107897879
8.39276259909122462543275584035815898977591261869753091313879959657172069759155307	0.00030259801699225842708289239137099945992870373411233349260578652132302713535264
9.78458318468732328311039934253678656005440948692816828155686409307716457700957552	0.00008153871180355413076311863703042127616875791819662635059461352753044310049414
11.28925916800952714591895533268630339070000817533587550315870070143698699531643069	0.00001953158715728072409836680475166338868160810112274788083893825827482642192236
12.90865777828553089511215274644630591361071824107991173599765062603850676722314760	0.00000415418294505217467237891486096538782903195445550848876502219025768563593033
14.64484088320970582142541905416107102885615000579481225064949732113652290505275356	0.00000078337003802775870352003254075528460858912232732069121709311804146880284735
16.50008142896458613317180070235240842657217516341313785185065997304850342186246777	0.00000013073947749206025196976243344129448868415649113247468577144675553909601008
18.47688238687411281705954612912853167769803735451754067126861315096446949777460383	0.00000001927071408017028437814280681231494478050239657064029308597758206965647310
20.57799863402220950485492284778276784473463798335974171839433992728480975572281066	0.00000000250263893712634123805024568498344397442754247332756451308434696134912542
22.80646229052137166177559433017951157391237928149663328413435716924626255693215265	0.00000000028557855087716225448956581722111090243668132662068696798356019636194397
25.16561215643910800647469320773013653031126772358007849866105995008207903681119452	0.00000000002854622412059155813301449405261050474455974871712513616961946251484679
27.65912804448052959525229618055976984568706127628050887998040107229100144355749584	0.00000000000249101068493722470668732917234612463832590886650975213053959756297103
30.29107100100856723899402398821030850242236787025323392454569348291206428383089012	0.00000000000018903366069715442365838221239285692776495674945796581890842641235211
33.06593066249874416694557603904121959351396735627236218226732423013020579434423766	0.00000000000001242162685949152854267474165304175244288530305565790117697516137704
35.98868132747893578293303303441608831438611689182029643270532886019905824974491066	0.00000000000000070342315202126179104127754436074964033288219546024533076934980408
39.06484876419777018337438572772890229728963829962753426125033704624457435516379488	0.00000000000000003414549148591887107048694200051276740326024497072075421718318418
42.30059036290309358252413535910716090868932433531460874880304165953669874304536435	0.00000000000000000141231541489573967913607942098356481676820894346157970803542577
45.70279203851147036767410522406099234760024374191413420119063278010891958293065254	0.00000000000000000004944218008097484655827484651097184745849333483125085091747172
49.27918638283679285985588363741314406050077007108993739517057170051332376594319674	0.00000000000000000000145395248136789987607520949951857694494683082541510629751665
53.03849808781666472637844628883848624968384492521059926167663092075050949187981151	0.00000000000000000000003561068365004085750834469928877961276740303332588901725784
56.99062481480447582601197380321155106658068129899400215678095020880345160950747680	0.00000000000000000000000071940559964947242307402371266844591588324788911616318247
61.14686478614022874999877440774085808170977319975221475218830619402239777653386128	0.00000000000000000000000001185537228350586044400134096987986389392241187634698525
65.52020692901860652134690362564424015281016159994306609182173957107999466528034689	0.00000000000000000000000000015734913570756021924120581570175035083192763484612010
70.12570623611319155166089677879184493759481491828893386844668169175861293360878844	0.00000000000000000000000000000165728544091948287596181484779282845271209879178793
74.98097751891131059140567289041809702445606736852705833908310585970936806526867343	0.00000000000000000000000000000001361434162716342027054524656493009620825320330507
80.10685735032439380160023574031937492640058691570769510878955299904061155201772586	0.00000000000000000000000000000000008546155813963136806009215276447145117741841392
85.52831111603416788710161416929235471187129590156573878568233730367656473572651406	0.00000000000000000000000000000000000040000905324813462836393034312285444889093098
91.27570799366808945066184588476771450254882414889731723545136441249872324270156175	0.00000000000000000000000000000000000000135501999110299739350327753465279235568329
97.38666771358153183013687703825072348719758358748590591227933688760801652687765987	0.00000000000000000000000000000000000000000320163679535491390027996807188479733302
103.90883335717625466902023184223044030983556116777723802942025921190996547925931374	0.00000000000000000000000000000000000000000000503586916606109586648242084318645378
110.90422088497627549041557353489213504904613928312957636317318518285187875831407878	0.00000000000000000000000000000000000000000000000496248754070273290093086420818150
118.45642504628363202460725801536193667935730511357482257498811242251544855506634865	0.00000000000000000000000000000000000000000000000000282351071612011276707488704050
126.68342576888583092966483062580754380082318283038318869619057573704486294362157477	0.00000000000000000000000000000000000000000000000000000082684460695050639757030547
135.76258957786430197338374081124783153357544733158659366307832541733628589293597620	0.00000000000000000000000000000000000000000000000000000000010490648478212719262751
145.98643270946345468949298874628576102128337243717151547822302000753904015656339642	0.00000000000000000000000000000000000000000000000000000000000000434657442273885663
157.91561202297798952178582196849380614822664449488837450718184091650238775240911876	0.00000000000000000000000000000000000000000000000000000000000000000003434736438397
172.99632814856325349882207479455614674767113299580424475883015242134102226203220906	0.00000000000000000000000000000000000000000000000000000000000000000000000001319066

