49
0.02920894949403904180205134050350005131371215496057639244720822304878766871197027	0.07280535315507952416335976380653384441462202211384166867296353056698526936811733
0.15393253808220807687286396047782744275759084588346033715464114901885658715824740	0.14966713739885059576679504376771218713388329038769012234025820636752049688055549
0.37845191143399290464764374428009526135536490325786203491233339020410589421711988	0.18801591453545189051396229740614447545357938662158776048902022879059944791267897
0.70304396884142983204246816516192318389360243788240497703456698619244707351904376	0.18552097769024816373147825691244631108727253246668994231914761356727501989559763
1.12804449030959115901041598980121131307997190233137198603515780608810932140556308	0.15385159705647258027144596711036007743812189144914370951667193176735300544054258
1.65388906539884363591185272123833590530318407052731880264059346250564138260543505	0.11027518085855621793044297618725773242382094912522986441025055336645807434646326
2.28111923347644653208965521568808219069843160619145006815904792957474569874588533	0.06928447426301359986536219479716880400432832088591796035599246641149367917387326
3.01038628120128830528998235238994965739939154939513233279589350877765906374600376	0.03845881456358636756447195851529679683679831595440258295958508593721467618835779
3.84245522739668292116290607301201853284306935146237634982209507229250478502310657	0.01894848115229705682964596754516582089206279621012768939635150708064496952130977
4.77820943138205453676623951489908972856216528619159396372192556420435947121842344	0.00830945675530041132219547984078327535637812281780331783110448148905686678796028
5.81865597642423461728028457180857356906164312442164109120974670943160149136374128	0.00324843194411253225494821518095278652276604776686672561553702649650329112284708
6.96493193346708690195428884096244932697719773293438929763645941851084082491172946	0.00113293828792199680638243955827641054482913298161660017847402088543758632848116
8.21831161104161223130277743354460907846062690000423061388908097074531100372085582	0.00035256445257952796173559219270294317395132173967653965787629785734868248046954
9.58021491185883249064945699997843023505730300004761454348653304722333544420220868	0.00009786699997997435199714686316852028827683421268850131908617482043291616191446
11.05221693802152793280091300425278528573570365230164711054831590651546306014895994	0.00002421574086275642723122559270299480412668738708190334393426924044227295801847
12.63605901385725832107643308613091289039713931390131853301657580761554446878324134	0.00000533550463386921157999342384596895312490625311027123186911701756516014382017
14.33366132857440339499281554724786249604814766231271051139415071924080409271380843	0.00000104541608517473526034044987335346647635906804373936676000011721462044094657
16.14713744153402449126324404233359607811845008811103533701842754413292179851047254	0.00000018185799128085156792118194647666544948163281845743329693926978180720182342
18.07881094274913343942869201762436931619148360832807817417607744909289406720432000	0.00000002803334580106529639785681313603337786449154660483646700318152352906302564
20.13123462273780157763175623607603330778133190708528205551399647702992749810120288	0.00000000382086383605051779953347625874884048160151451222867175916355880090349815
22.30721258233876781259758193760140938570529340800665391344304904501282750923203037	0.00000000045931194973068088536146492716680976790752865909942597936577501546334006
24.60982580889231094881062318883533289148326648788341030234043166079556376001190590	0.00000000004856157207735531722345975240257065950112816913727975383078036690499899
27.04246186610561423232098823496916434407116835787843677790942699704058748300553968	0.00000000000450142446026012050059145130829968509588144618086308795968759139937202
29.60884949880154539486327063374902309142256149285588044695617571090424895476076249	0.00000000000036454794443904144377238555993750138542941421312654896048371759938276
32.31309915127963456171841246035377482219570048975212221247338819560677127989538625	0.00000000000002569262121318159861043749206366315551202392028537551021405469422020
35.15975065392247902555203619177561233464747278646721995773104374538887063928861964	0.00000000000000156899083160326016764874311991331420514586374403488043288566878844
38.15382966748456817771240470036412971942086413071808137537387686374195742832800839	0.00000000000000008261985879820374128155100028312597729013420605137648766898460018
41.30091491717404719750119180217997309834877648472035147576501024757048637744194273	0.00000000000000000373122388471947063076659768090122946553757033639922322064561506
44.60721884062876818128318661805706987486835703371218432658306447216077654361720078	0.00000000000000000014364651261491782746696809600141233060121673622685438006487655
48.07968507536735705010133653419159202463228404294544696370260993450014766617831934	0.00000000000000000000468244066366079983880761890619468605704757564823245843669425
51.72610731101421216486019659157860941746902455257490370410345326436979372010328761	0.00000000000000000000012825421635777321523380638565999953409326983309784715851803
55.55527556274067844962933769853654324092545078314406785805231418968999368359616313	0.00000000000000000000000292652539636773766161405422053998589112057941887698981190
59.57715808862211592350163213887383740990612450261172806316616645499556305572510954	0.00000000000000000000000005508920881804234281170971283283884272865978056421848808
63.80313029304261238365281128265915765390820720592521714356988817940319703059602803	0.00000000000000000000000000084598512802784300453846010574533175048772747951815363
68.24626653908353044698274550576364069759014592243009627173742618922941895418856039	0.00000000000000000000000000001046312394658617497766045813126913926969486394921526
72.92171766800947991981012539773595340892123657636212614775094955306035305625206792	0.00000000000000000000000000000010268210726661318796491159347181442059358226095517
77.84720759844820215181693804143967066957826256434745023930952476673987156251710212	0.00000000000000000000000000000000078577150515906496816573177365906695099204113099
83.04369909859864667464056205908092359678394569072686627846027627396807061549311399	0.00000000000000000000000000000000000459322618960370410493582534147656280952414340
88.53630611197943572001767107676629992546888650301752436122700349409387688340572184	0.00000000000000000000000000000000000002000982906740655433434506667047927181172099
94.35557619641319288989120395056345739774097652147010479530906025002564556684632369	0.00000000000000000000000000000000000000006304432483614543807386107474406143104056
100.53934816696116679177308926992646603274928297175529850333176125108627277532867164	0.00000000000000000000000000000000000000000013842124699661131277501213100221122842
107.13554136224855814149160902816159913574897204494266035838262288688497328672180598	0.00000000000000000000000000000000000000000000020207744806281245399260743945055168
114.20653122712858723725118533650237395150485233243935173310002073490841568281610279	0.00000000000000000000000000000000000000000000000018453568247360652067649284734178
121.83639878660318539969387229195132057397645289447535337175497022639836532023478014	0.00000000000000000000000000000000000000000000000000009710017173667550737043417228
130.14381522449526055616728781390462556222306328578100705871119373987637693295227216	0.00000000000000000000000000000000000000000000000000000002622492552973889652923242
139.30719756334274304327798866557691897748567282706340295895798399506773138406568975	0.00000000000000000000000000000000000000000000000000000000000305706197616280217704
149.62081975792771442406107404675119935189727065968197811523484449452224711668492128	0.00000000000000000000000000000000000000000000000000000000000000011572992654957395
161.64877015704720903095111727771175469940556335691234297241540267907324277620968092	0.00000000000000000000000000000000000000000000000000000000000000000000082809007209
176.84630940701588372409177936702691185888535299186723780053423336243849225849154258	0.00000000000000000000000000000000000000000000000000000000000000000000000000028280

