50
0.02863051833937908194796270865630200175587273559163366888895727752227560795285575	0.07140472613518988353559776785453574886142787406136568954518616736802454247106090
0.15088293567693373237582310142906647723217534449391878531328058129625187264877047	0.14714860696458836552880295036328610220168397353293066564377521971822703618433852
0.37094878153489643847153049165307967707821231008938621546638727865044376813951600	0.18567162757483134625054389041661605256165515050499733193295335058578236047254360
0.68909069988104788096201796508727519781294873784046365636409948491090755547134869	0.18438538252735394716578017570903127023996535018094871549356597169784946103488443
1.10562502353991342330700247371096565969311045551402205943452961326253697036013540	0.15420116860635562194745023303129389398396246700048974352708559338758003404811400
1.62096175110250141489021125157130283937496241211680979985334545484703127248414041	0.11168536990226878894434420113169744281630770832198622290801845954951072933622467
2.23561037591518012520340502964112619724665270911467058543177913691890684828669313	0.07105288549019585619975561702712098701487882349351335623967121997993184319924455
2.95018336664183512039802326591192828648656452597159838160211708461832263880721128	0.04002027691150833111041770263795187214989538287018264060134042317509352999357878
3.76539977440578232955642225899011668165532314292641142712544869361148904814777727	0.02005062308007171367547359682269698298139574427093737268927374700454226793795801
4.68208938755928458352202634423368414649455924149162799469764389277628608166231509	0.00896085120364628062930343575057049147020949681066641785209297071721264977375677
5.70119757478489031011665261460106487358449196381177988173247214410658904996829943	0.00357811241531566019083456441762400232921714508828209660002801990901115079193940
6.82379090979455137730726731226698941302151554270577748228861374992589324249683784	0.00127761715678904987621546460889198559215835949918880582677992500297087525014872
8.05106366939079216100904459681697800147836925999178535047740653253493927204011240	0.00040803024498371894305942028570570493569404108971108036067292109978691637433862
9.38434530825840692181600509966292913618971005429739624807631966364920108354721437	0.00011652883223097239333201646073737137423765540934976479046789478374213259430816
10.82510903154914804335135598734274277769781066035278284533561301792883017850880228	0.00002974170493694165452763616029695339705932494912764202676129043809311423500921
12.37498160875746208602609295409754780949167873986635012876663137957619657749696769	0.00000677784252654202776029117209889060892143104258134972556360894528173187365588
14.03575459982990826766218402460835054244761879065937405459060643841362806612589163	0.00000137747950317136035615898447709918556494076955305445063466363004668643910864
15.80939719784466738229963860331738911733872331955850908414722320567611878724473737	0.00000024928861817200917844915936530102238819275770176434736605780933408802447792
17.69807093335024929786682725310102025749146473541769259310200206975876024095573144	0.00000004010354350427826813863034207338442757811015592191998352534646021742953332
19.70414653546156463817234570953145086366592855493815452290194023224216352934014673	0.00000000572333174814142507564199444881952707303576815362488098264208790217094941
21.83022330657825509501527482169195137746500048718653487127544745185853033406318911	0.00000000072294342491826646715257382964900091931285856365940801104452120199988219
24.07915144441149948609609440719207567122949631292671545507520062800234551570075678	0.00000000008061710142281779483239026531548519245054323142865089262009502604407944
26.45405784125298389663639507241627225977700077638758125056195810103539222258632552	0.00000000000791339309994372284165044851524561841328586113595211723549482796710799
28.95837601193738040250222758869397104010343546345439770489765205729158557284542130	0.00000000000068157366176767798824609854487334582499678628898083279924693004157375
31.59588095662286462471987861171988995583397858886880891989639960875367399052877459	0.00000000000005132426716589490213206438258197747623940912494835205547679075886296
34.37072996309044553194602408529318430003068811046605897125208205585266882296394179	0.00000000000000336562476243781440807536494305334223641881077115103375973561569653
37.28751061055048655337084987162094530142879226211441229753718051457957357498477791	0.00000000000000019134763269650353764863615261307100663565064511596517133154172167
40.35129757358606559818990676913196600654930968731693900570800979301748158331485153	0.00000000000000000938558978182725332202867158320363958835131907438576809793139326
43.56772026999502122061981974675178349473066392774990558975174706117449760939506680	0.00000000000000000039500699645034111308593046160929454116060322111699084368512119
46.94304399160303808351664545910282857893523047198046328516543569976723118925970322	0.00000000000000000001417749517827512025423837305065449938298632397325214625301076
50.48426796312992265581986558334192916936283814320744255510483243556327544762307532	0.00000000000000000000043099702762921753006366168831215058694768707036439584809998
54.19924488016862227264461694231020598411674971582175727697169556831092181512780010	0.00000000000000000000001101257519845548013509267964016964806780538584963055564779
58.09682801724852650146628820835623092146531536812669701982530823053317791079697405	0.00000000000000000000000023446177556089867145795132336018977799054088578559163231
62.18705417568890565533693083905003939959172760444384036975978895153931194138781880	0.00000000000000000000000000411854415463823010795274823581866841009618032946780523
66.48137387844481706420183002695386886716016801867964229238194705820089921457195559	0.00000000000000000000000000005902246763596448432068719195312613778686752229251058
70.99294482661949045060329610948208906730065149878946766700446570415285248837022106	0.00000000000000000000000000000068120089165530655135692590321166800428200593305456
75.73701154772731213123569673994421915620716196264498311782564871043568692950338656	0.00000000000000000000000000000000623744949881210175650847326216376473147987261165
80.73140480247768871009310251123212415862733683868197062096962126369063570172372022	0.00000000000000000000000000000000004452440579683377375630253830271141610015792658
85.99721113646322907541695339079327569047024924975868267259868771545875861320502055	0.00000000000000000000000000000000000024268623522504871338817343475031963632008084
91.55969041253387638169140029516719516016153660547527032093239877450285624752878466	0.00000000000000000000000000000000000000098529714810496861343443763118978496701171
97.44956561485055565804908576602928909758318221862720189410540898504452445554101950	0.00000000000000000000000000000000000000000289107887231842813780653057961771287587
103.70489123669226288503719655749851871152799940254591453489415493093009812939392758	0.00000000000000000000000000000000000000000000590616270811236048837513032413332364
110.37385880764028208838993126894414991274397107815068720324609414492310147141931166	0.00000000000000000000000000000000000000000000000801287459750397008785469170180355
117.51919820311117548592374576469650200928074836786318361536256690740244919498776890	0.00000000000000000000000000000000000000000000000000678957542439641675996169891276
125.22547013347343967114829814124728553954854675491642023768326451416621503927514775	0.00000000000000000000000000000000000000000000000000000330817301084925228891387151
133.61202792272869499369627490754275425067326313754680298061993823364985615939685242	0.00000000000000000000000000000000000000000000000000000000082509648764404560209848
142.85832548925411939169611518367272815373611470739667388863250137514179481812624054	0.00000000000000000000000000000000000000000000000000000000000008848728128298017696
153.26037197260358659901800937894654983317608781926174143315358667261998096722422169	0.00000000000000000000000000000000000000000000000000000000000000000306489488984442
165.38564331668254037715692090549954024993728584532652062249384938074385727763966603	0.00000000000000000000000000000000000000000000000000000000000000000000001988708229
180.69834370921451684249948599944532672400777633753313755971671053942999406982877380	0.00000000000000000000000000000000000000000000000000000000000000000000000000000605

