8
0.17027963230510099978886185660829724468251824708548122125568887138383037364697168	0.36918858934163752992058283937570394411528484390421113702373874105444998726899615
0.90370177679937991218602022355508989221665259729845656858007811226578351367465943	0.41878678081434295607697858133333431953107645948872221617517938949576442921838291
2.25108662986613068930711836696863515383818713589480371604195146565810071883254183	0.17579498663717180569965986677677365777322530975984478575563778580005869943940996
4.26670017028765879364942182690063963448212227935323689662991533751351802120807911	0.03334349226121565152213253493440643668469857378962185270628216817303966492194708
7.04590540239346569727932548211935849800873874925241656825140620516892499592876211	0.00279453623522567252493892414792863974992723653277730555734316420119516403808780
10.75851601018099522405995678803203414783260221914068729751765726386058646711827662	0.00009076508773358213104238501493357342695902615520218861968107702434225890029408
15.74067864127800457802876115840283587414603204161376176729554143092699245598645270	0.00000084857467162725315448680183089320313175214189941289988326309662425498323360
22.86313173688926410570053429741310955479314673036115596442776131322226345360425652	0.00000000104800117487151038161508853551569679822772110126225441115452554122964842

