9
0.15232222773180824742810707312742257521704615861097336788230874342434291804279910	0.33612642179796251967346771760598994250152166207192632984821713256611038237080903
0.80722002274225584774141921095155157465679309009730042712774438900307124365097514	0.41121398042398438730914694279287672537679707673872641511964536594802104678594264
2.00513515561934712298303324701409784053357958256975560688865593495218504133881512	0.19928752537088558086057560721178742194851214045880395097931491518216368005164014
3.78347397333123299167540609364017658781205852272584054981781790448769500665473053	0.04746056276565159926211636004787839326286045922229387552350305297470879368653766
6.20495677787661260697353521006158418861313822381233501427692268701055875658821169	0.00559962661079458317700419900555536997809199603899676121673035751423703081906019
9.37298525168757620180971073214563915238820384065237719654513766450297651285467094	0.00030524976709321056630541282429122486290089611401823057012729030228821534571201
13.46623691109209357109788183971171823812319879836926266469767660699224250639202742	0.00000659212302607535239225572284875102797505138802148939425767714418153977622062
18.83359778899169661414989929962587340096424002299527198855217238487375263766148451	0.00000004110769330349548442902410403300909049066314162650327323516583200880750429
26.37407189092737679614100729372193644169174176016688318421156368475317537681628554	0.00000000003290874030350707576466813803225022730407132084493097320245730235657342

