100
-0.99971372677344123367822846934230067671834952730840322673419831933257783262906502	0.00073463449050567173040632065833033639067047356248290783928726950898335062983081
-0.99849195063959581840016335918634916230485485042056970157273162169779619205183754	0.00170939265351810523952935837149119524373138549146257980360074892340844459520422
-0.99629513473312514918613173224113103543643128814043037945006804963263320358367796	0.00268392537155348241943959042900112008193111495099827626906443182394882264837360
-0.99312493703744345965200989284878347073177145886652037865688774627504075811595036	0.00365596120132637518234245872752519569920656740515220382184110295963070901808282
-0.98898439524299174800441874580773663183933363710694752775181516166893763524203071	0.00462445006342211935109578908297847665035249529489452936192637704709125646286442
-0.98387754070605701549610015551100816734436701685080221034887771831242965526796319	0.00558842800386551515721194634843921073131869400807715264401424992224246591884275
-0.97780935848691828855378108842920192863523449426625397830857664909699260818269421	0.00654694845084532276415210333149526369993836336647600200172281742508640636342208
-0.97078577576370633193089785789750538855055719947820713629170967074707038769561890	0.00749907325546471157882874401639778316358347894814509342030386848837014853673896
-0.96281365425581552729365932603016638643733150673041414097823402602202884749626675	0.00844387146966897140262083490230100193464445988410141343543263321929467499755915
-0.95390078292549174284933693089435764464522145101466774766703291518302376143063913	0.00938041965369445795141823766081211873078704323867416531944470056369411660663053
-0.94405587013625597796277470641521874673972037338209687162963428605650333832828821	0.01030780257486896958578210172783537797605834384142600833384277507186493379924618
-0.93328853504307954592433366813086250408354607429701929584795824289633796152589715	0.01122511402318597711722157336633358477722641956438240665062883459445326476826517
-0.92160929814533395266695132848198745912458279773219614661493192121819579597226674	0.01213145766297949740774479244874817073696312331126091390972989768034755729897023
-0.90902957098252969046712633778914606444327728958458893808512631931921591259209846	0.01302594789297154228555858375890179013496473584174960761694362512357211955940506
-0.89556164497072698669852102243022776984818176899771982997935480576927699624379116	0.01390771070371877268795414910800463779518081214311907227273973489136559350595528
-0.88121867938501841557331682542780558244549441102125780294089398795117445916148762	0.01477588452744130176887998752035425716938874311460362540933212194986996874777312
-0.86601468849716462341073996967624296638031483930559307213628235309336859422315478	0.01562962107754600272393686595379192555246997980993694974290756227734018303487799
-0.84996452787959128429336259142010465407379077950067235433572825255256440309355832	0.01646808617614521264310498008821078082116766160379836999790688511594469614415296
-0.83308387988840082354291583384475567990749483030996225930306607495807220459058115	0.01729046056832358243934419836674167481162350856516762702719305406933203899439212
-0.81538923833917625439398875864925800538255037651370272289980746033744449913496156	0.01809594072212811666439075142049303134757874495838988800424419596330376708987577
-0.79689789239031447638957288218324598288952685596429050218976918513654297639100448	0.01888373961337490455294116588154323429711127634742448003583054120992787902637046
-0.77762790964949547562755138683449010653853979993607887501873636620408554569130627	0.01965308749443530586538147024544406555526959949125069436533438216319616000545376
-0.75759811851970717603566796443840077231310897190004171267578610272464157768031425	0.02040323264620943276683885165758377060570969930261954801418063979246529895479993
-0.73682808980202070551242771482010100284327844624712344223737172882440212865119743	0.02113344211252764154267230044096968163532972887451469192900040283636355622105434
-0.71533811757305644645996712270436596408439783859562963463724529713697823541082325	0.02184300241624738631395374130439802476534899982324647882402207528628396930030973
-0.69314919935580196594864794167543726558700001793072845377465342766607645373340550	0.02253122025633627270179697093167396234015893534870941676568091656835882230830359
-0.67028301560314101580258701432322661366980568402882395440643636801079238674937293	0.02319742318525412162248885418272728845115448573608693000843725287541034738404245
-0.64676190851412927983263030445863043501973378424852800098817084452833118551614276	0.02384096026596820596256041190228343214470744909261698744517090279675260041463438
-0.62260886020370777160419084517231224465381773228981600208598317568067003975037791	0.02446120270795705271997502334977289064629573239780446326733505259000785184699355
-0.59784747024717872126480654514934063639489919232048533558906545254515827700769025	0.02505754448157958970376422562092326422383855852792884422277105548718781179645855
-0.57250193262138119131687044352572544896003394967556027804286239025942413380596982	0.02562940291020811607564200986215087092697767002026790801310503787773574730533079
-0.54659701206509416746799425718174990395624177593752781162202532907583693797498353	0.02617621923954567634230874175730188501127513119069493796475074543833122695947325
-0.52015801988176305664681574945520853076893769042009385340852137005923618147442231	0.02669745918357096266038466418633635063465575039001181906400597617032658772119400
-0.49321078920819093356930879344933399099072332535855612691111003096900479156882005	0.02719261344657688013649156780217069226698789601200126120852811289272727027317430
-0.46578164977335804224921662339575458161165111021221096633847361718416962590326342	0.02766119822079238829420415587042645529240035866422020013963312704136272866385206
-0.43789740217203151310897804362219596212570176348410459518831020405112314465370250	0.02810275565910117331764833018699455045141809940020502401645982850247279353234151
-0.40958529167830154252886840005715770149536438916475455934183324060339965753318303	0.02851685432239509799093676286445787325984272548396857915838490874309242427100572
-0.38087298162462995676336254886958740374970726512371092366889185298969390392715415	0.02890308960112520313487622813451526531560786805526098666824648343844194203161121
-0.35178852637242172097234382954897056524931809638907120117648419827719592115838338	0.02926108411063827662011902349564095444308419504534828620340859891012683203175166
-0.32236034390052915172247658239832542740219162302308570713962354648380016879786757	0.02959048805991264251175451067883658517280628507136774269293700728982720325858678
-0.29261718803847196473755588823549438456153898917258097209666165914792758663035883	0.02989097959333283091683680666859582765809141426079896852874754698565846649994102
-0.26258812037150347916892933625498214113202269453552213566196852634363603233649233	0.03016226510516914491906868161047923265710232578270560698902612305242467051582113
-0.23230248184497396964950996320796411069750977150713691375901392071363693959910499	0.03040407952645482001650785981882517660560724831011734620357833171473255703365530
-0.20178986409573599723604885953039646294369200355904891127621054229266731508758829	0.03061618658398044849645944326205319285308602378905778468306387287107732394217999
-0.17108008053860327488753237470708980746585972511806677468733373382260561690797058	0.03079837903115259042771390303055976009497083447037096809050886487013702941563449
-0.14020313723611397320751460468240551661687300626335977203359092819977298617438163	0.03095047885049098823406346347074792738298717776694074371006175714742274943474200
-0.10918920358006111500342600657938488688489962996916339337695945186245066981784258	0.03107233742756651658781017024291803484591543634795738762023316395831128592329047
-0.07806858281343663669481737120155257397635002744853011605522973317573642901924147	0.03116383569620990678381832121718665334383636868392807119846031156310947837314353
-0.04687168242159163161492391293384830953706539908602407963127262211945011420530713	0.03122488425484935773237649864809813488180274068218414014376947870775089027302795
-0.01562898442154308287221669999742934014775618285556147271379873087358649059170426	0.03125542345386335694764247438619802878783383672609090994322061459983197656135890
0.01562898442154308287221669999742934014775618285556147271379873087358649059170426	0.03125542345386335694764247438619802878783383672609090994322061459983197656135890
0.04687168242159163161492391293384830953706539908602407963127262211945011420530713	0.03122488425484935773237649864809813488180274068218414014376947870775089027302795
0.07806858281343663669481737120155257397635002744853011605522973317573642901924147	0.03116383569620990678381832121718665334383636868392807119846031156310947837314353
0.10918920358006111500342600657938488688489962996916339337695945186245066981784258	0.03107233742756651658781017024291803484591543634795738762023316395831128592329047
0.14020313723611397320751460468240551661687300626335977203359092819977298617438163	0.03095047885049098823406346347074792738298717776694074371006175714742274943474200
0.17108008053860327488753237470708980746585972511806677468733373382260561690797058	0.03079837903115259042771390303055976009497083447037096809050886487013702941563449
0.20178986409573599723604885953039646294369200355904891127621054229266731508758829	0.03061618658398044849645944326205319285308602378905778468306387287107732394217999
0.23230248184497396964950996320796411069750977150713691375901392071363693959910499	0.03040407952645482001650785981882517660560724831011734620357833171473255703365530
0.26258812037150347916892933625498214113202269453552213566196852634363603233649233	0.03016226510516914491906868161047923265710232578270560698902612305242467051582113
0.29261718803847196473755588823549438456153898917258097209666165914792758663035883	0.02989097959333283091683680666859582765809141426079896852874754698565846649994102
0.32236034390052915172247658239832542740219162302308570713962354648380016879786757	0.02959048805991264251175451067883658517280628507136774269293700728982720325858678
0.35178852637242172097234382954897056524931809638907120117648419827719592115838338	0.02926108411063827662011902349564095444308419504534828620340859891012683203175166
0.38087298162462995676336254886958740374970726512371092366889185298969390392715415	0.02890308960112520313487622813451526531560786805526098666824648343844194203161121
0.40958529167830154252886840005715770149536438916475455934183324060339965753318303	0.02851685432239509799093676286445787325984272548396857915838490874309242427100572
0.43789740217203151310897804362219596212570176348410459518831020405112314465370250	0.02810275565910117331764833018699455045141809940020502401645982850247279353234151
0.46578164977335804224921662339575458161165111021221096633847361718416962590326342	0.02766119822079238829420415587042645529240035866422020013963312704136272866385206
0.49321078920819093356930879344933399099072332535855612691111003096900479156882005	0.02719261344657688013649156780217069226698789601200126120852811289272727027317430
0.52015801988176305664681574945520853076893769042009385340852137005923618147442231	0.02669745918357096266038466418633635063465575039001181906400597617032658772119400
0.54659701206509416746799425718174990395624177593752781162202532907583693797498353	0.02617621923954567634230874175730188501127513119069493796475074543833122695947325
0.57250193262138119131687044352572544896003394967556027804286239025942413380596982	0.02562940291020811607564200986215087092697767002026790801310503787773574730533079
0.59784747024717872126480654514934063639489919232048533558906545254515827700769025	0.02505754448157958970376422562092326422383855852792884422277105548718781179645855
0.62260886020370777160419084517231224465381773228981600208598317568067003975037791	0.02446120270795705271997502334977289064629573239780446326733505259000785184699355
0.64676190851412927983263030445863043501973378424852800098817084452833118551614276	0.02384096026596820596256041190228343214470744909261698744517090279675260041463438
0.67028301560314101580258701432322661366980568402882395440643636801079238674937293	0.02319742318525412162248885418272728845115448573608693000843725287541034738404245
0.69314919935580196594864794167543726558700001793072845377465342766607645373340550	0.02253122025633627270179697093167396234015893534870941676568091656835882230830359
0.71533811757305644645996712270436596408439783859562963463724529713697823541082325	0.02184300241624738631395374130439802476534899982324647882402207528628396930030973
0.73682808980202070551242771482010100284327844624712344223737172882440212865119743	0.02113344211252764154267230044096968163532972887451469192900040283636355622105434
0.75759811851970717603566796443840077231310897190004171267578610272464157768031425	0.02040323264620943276683885165758377060570969930261954801418063979246529895479993
0.77762790964949547562755138683449010653853979993607887501873636620408554569130627	0.01965308749443530586538147024544406555526959949125069436533438216319616000545376
0.79689789239031447638957288218324598288952685596429050218976918513654297639100448	0.01888373961337490455294116588154323429711127634742448003583054120992787902637046
0.81538923833917625439398875864925800538255037651370272289980746033744449913496156	0.01809594072212811666439075142049303134757874495838988800424419596330376708987577
0.83308387988840082354291583384475567990749483030996225930306607495807220459058115	0.01729046056832358243934419836674167481162350856516762702719305406933203899439212
0.84996452787959128429336259142010465407379077950067235433572825255256440309355832	0.01646808617614521264310498008821078082116766160379836999790688511594469614415296
0.86601468849716462341073996967624296638031483930559307213628235309336859422315478	0.01562962107754600272393686595379192555246997980993694974290756227734018303487799
0.88121867938501841557331682542780558244549441102125780294089398795117445916148762	0.01477588452744130176887998752035425716938874311460362540933212194986996874777312
0.89556164497072698669852102243022776984818176899771982997935480576927699624379116	0.01390771070371877268795414910800463779518081214311907227273973489136559350595528
0.90902957098252969046712633778914606444327728958458893808512631931921591259209846	0.01302594789297154228555858375890179013496473584174960761694362512357211955940506
0.92160929814533395266695132848198745912458279773219614661493192121819579597226674	0.01213145766297949740774479244874817073696312331126091390972989768034755729897023
0.93328853504307954592433366813086250408354607429701929584795824289633796152589715	0.01122511402318597711722157336633358477722641956438240665062883459445326476826517
0.94405587013625597796277470641521874673972037338209687162963428605650333832828821	0.01030780257486896958578210172783537797605834384142600833384277507186493379924618
0.95390078292549174284933693089435764464522145101466774766703291518302376143063913	0.00938041965369445795141823766081211873078704323867416531944470056369411660663053
0.96281365425581552729365932603016638643733150673041414097823402602202884749626675	0.00844387146966897140262083490230100193464445988410141343543263321929467499755915
0.97078577576370633193089785789750538855055719947820713629170967074707038769561890	0.00749907325546471157882874401639778316358347894814509342030386848837014853673896
0.97780935848691828855378108842920192863523449426625397830857664909699260818269421	0.00654694845084532276415210333149526369993836336647600200172281742508640636342208
0.98387754070605701549610015551100816734436701685080221034887771831242965526796319	0.00558842800386551515721194634843921073131869400807715264401424992224246591884275
0.98898439524299174800441874580773663183933363710694752775181516166893763524203071	0.00462445006342211935109578908297847665035249529489452936192637704709125646286442
0.99312493703744345965200989284878347073177145886652037865688774627504075811595036	0.00365596120132637518234245872752519569920656740515220382184110295963070901808282
0.99629513473312514918613173224113103543643128814043037945006804963263320358367796	0.00268392537155348241943959042900112008193111495099827626906443182394882264837360
0.99849195063959581840016335918634916230485485042056970157273162169779619205183754	0.00170939265351810523952935837149119524373138549146257980360074892340844459520422
0.99971372677344123367822846934230067671834952730840322673419831933257783262906502	0.00073463449050567173040632065833033639067047356248290783928726950898335062983081

