11
-0.97822865814605699280393800112285739077142240891978441542580106598366379938088999	0.05566856711617366648275372044254857872851562569689814834838428567415540728073754
-0.88706259976809529907515776930392726663167575122531438496741105553761131385737267	0.12558036946490462463469429922394010019761579139540350066393401081791457513247128
-0.73015200557404932409341625203115345804964306202613031197837833968701324505851923	0.18629021092773425142609764143165589169128474804020341178150640417387234800878550
-0.51909612920681181592572566945860955448022711511992848902092261148669592645107289	0.23319376459199047991852370484317513943179817231695850902731972212193221321888100
-0.26954315595234497233153198540086152467962186243905228162392563188005706622369474	0.26280454451024666218068886989050919537276467760314455638005537148551280333954525
0.00000000000000000000000000000000000000000000000000000000000000000000000000000000	0.27292508677790063071448352833634218915604196989478374759760041145322530603915885
0.26954315595234497233153198540086152467962186243905228162392563188005706622369474	0.26280454451024666218068886989050919537276467760314455638005537148551280333954525
0.51909612920681181592572566945860955448022711511992848902092261148669592645107289	0.23319376459199047991852370484317513943179817231695850902731972212193221321888100
0.73015200557404932409341625203115345804964306202613031197837833968701324505851923	0.18629021092773425142609764143165589169128474804020341178150640417387234800878550
0.88706259976809529907515776930392726663167575122531438496741105553761131385737267	0.12558036946490462463469429922394010019761579139540350066393401081791457513247128
0.97822865814605699280393800112285739077142240891978441542580106598366379938088999	0.05566856711617366648275372044254857872851562569689814834838428567415540728073754

