12
-0.98156063424671925069054909014928082296015519981373151046268212180779324431825398	0.04717533638651182719461596148501706031702907399484708956050534700380972115203871
-0.90411725637047485667846586611909619253759670921329754655407576068123479572923579	0.10693932599531843096025471819399622421457017347032488000512604210281899362749758
-0.76990267419430468703689383321281807598492575001893163766441906424911654310847122	0.16007832854334622633465252954335907187201173049086417790989954415795422517329115
-0.58731795428661744729670241894053428036909851404805248151027087966734069937589526	0.20316742672306592174906445580979837650651814727459014639859456579764563251047284
-0.36783149899818019375269153664371756125636014133540962131179987950408992951678787	0.23349253653835480876084989892487805625940997219975487473052349782149200007941168
-0.12523340851146891547244136946385312998339691630544427321292175474846205624138969	0.24914704581340278500056243604295121083046090256961883139535100311627942745728804
0.12523340851146891547244136946385312998339691630544427321292175474846205624138969	0.24914704581340278500056243604295121083046090256961883139535100311627942745728804
0.36783149899818019375269153664371756125636014133540962131179987950408992951678787	0.23349253653835480876084989892487805625940997219975487473052349782149200007941168
0.58731795428661744729670241894053428036909851404805248151027087966734069937589526	0.20316742672306592174906445580979837650651814727459014639859456579764563251047284
0.76990267419430468703689383321281807598492575001893163766441906424911654310847122	0.16007832854334622633465252954335907187201173049086417790989954415795422517329115
0.90411725637047485667846586611909619253759670921329754655407576068123479572923579	0.10693932599531843096025471819399622421457017347032488000512604210281899362749758
0.98156063424671925069054909014928082296015519981373151046268212180779324431825398	0.04717533638651182719461596148501706031702907399484708956050534700380972115203871

