18
-0.99156516842093094673001600470615077025257893684543969291967563023985709359177961	0.02161601352648331031334271026645246938768523147558994546207599014135309023734512
-0.95582394957139775518119589292977630997284413481130647884538762969089807120477322	0.04971454889496979645333494620263864168086624612891020224630430786557234329580342
-0.89260246649755573920606059112714551540789527135229821418746631490724058243678494	0.07642573025488905652912967761663652560531790620835828744952137923441000729179298
-0.80370495897252311568241745501459079710329892161192248175042806419538810542894429	0.10094204410628716556281398492483460706280113888767890161037453665565079738049852
-0.69168704306035320787489108128884838945227057281750775890216265683719736890362925	0.12255520671147846018451912680020155522816389733343909716725351365405743959940368
-0.55977083107394753460787154852532913692762648577070941663998694406218452820652052	0.14064291467065065120473130375194722809550241033097255988345619526046558692774990
-0.41175116146284264603593179383305163707898968212002551128114886779038967310042541	0.15468467512626524492541800383637477219321839626735417266664191472778286923064373
-0.25188622569150550958897285487791123016286176565964045802027103173678449355572422	0.16427648374583272298605377646592759041233895399735295324449697091164842184520801
-0.08477501304173530124226185293578381173331738690608992004336451762549979065328000	0.16914238296314359184065647013498661033410581937034388026987519154905944419155464
0.08477501304173530124226185293578381173331738690608992004336451762549979065328000	0.16914238296314359184065647013498661033410581937034388026987519154905944419155464
0.25188622569150550958897285487791123016286176565964045802027103173678449355572422	0.16427648374583272298605377646592759041233895399735295324449697091164842184520801
0.41175116146284264603593179383305163707898968212002551128114886779038967310042541	0.15468467512626524492541800383637477219321839626735417266664191472778286923064373
0.55977083107394753460787154852532913692762648577070941663998694406218452820652052	0.14064291467065065120473130375194722809550241033097255988345619526046558692774990
0.69168704306035320787489108128884838945227057281750775890216265683719736890362925	0.12255520671147846018451912680020155522816389733343909716725351365405743959940368
0.80370495897252311568241745501459079710329892161192248175042806419538810542894429	0.10094204410628716556281398492483460706280113888767890161037453665565079738049852
0.89260246649755573920606059112714551540789527135229821418746631490724058243678494	0.07642573025488905652912967761663652560531790620835828744952137923441000729179298
0.95582394957139775518119589292977630997284413481130647884538762969089807120477322	0.04971454889496979645333494620263864168086624612891020224630430786557234329580342
0.99156516842093094673001600470615077025257893684543969291967563023985709359177961	0.02161601352648331031334271026645246938768523147558994546207599014135309023734512

