20
-0.99312859918509492478612238847132027822264713090165589614818413121798471762775378	0.01761400713915211831186196235185281636214310554333673252434932667734841925962185
-0.96397192727791379126766613119727722191206032780618885606353759389204158078438306	0.04060142980038694133103995227493210987909063998995153681760685456183229675098733
-0.91223442825132590586775244120329811304918479742369177479588221915807089120871908	0.06267204833410906356950653518704160635160107657843636409958434543797481103366568
-0.83911697182221882339452906170152068532962936506563737325249272553286109399932481	0.08327674157670474872475814322204620610017782858316329074488206078569308289407942
-0.74633190646015079261430507035564159031073067956917644413954590606853535503815506	0.10193011981724043503675013548034987616669165602339255626197161619685232202539435
-0.63605368072651502545283669622628593674338911679936846393944662254654126258543013	0.11819453196151841731237737771138228700504121954896877544688995202017474835051152
-0.51086700195082709800436405095525099842549132920242683347234861989473497039076573	0.13168863844917662689849449974816313491611051114698352699643649370885435642948093
-0.37370608871541956067254817702492723739574632170568271182794861351564576437305953	0.14209610931838205132929832506716493303451541339202030333736708298382808749793437
-0.22778585114164507808049619536857462474308893768292747231463573920717134186355583	0.14917298647260374678782873700196943669267990408136831649621121780984442259558678
-0.07652652113349733375464040939883821100479626681349750080479524438425634204833698	0.15275338713072585069808433195509759349194864511237859727470104981759745316273778
0.07652652113349733375464040939883821100479626681349750080479524438425634204833698	0.15275338713072585069808433195509759349194864511237859727470104981759745316273778
0.22778585114164507808049619536857462474308893768292747231463573920717134186355583	0.14917298647260374678782873700196943669267990408136831649621121780984442259558678
0.37370608871541956067254817702492723739574632170568271182794861351564576437305953	0.14209610931838205132929832506716493303451541339202030333736708298382808749793437
0.51086700195082709800436405095525099842549132920242683347234861989473497039076573	0.13168863844917662689849449974816313491611051114698352699643649370885435642948093
0.63605368072651502545283669622628593674338911679936846393944662254654126258543013	0.11819453196151841731237737771138228700504121954896877544688995202017474835051152
0.74633190646015079261430507035564159031073067956917644413954590606853535503815506	0.10193011981724043503675013548034987616669165602339255626197161619685232202539435
0.83911697182221882339452906170152068532962936506563737325249272553286109399932481	0.08327674157670474872475814322204620610017782858316329074488206078569308289407942
0.91223442825132590586775244120329811304918479742369177479588221915807089120871908	0.06267204833410906356950653518704160635160107657843636409958434543797481103366568
0.96397192727791379126766613119727722191206032780618885606353759389204158078438306	0.04060142980038694133103995227493210987909063998995153681760685456183229675098733
0.99312859918509492478612238847132027822264713090165589614818413121798471762775378	0.01761400713915211831186196235185281636214310554333673252434932667734841925962185

