22
-0.99429458548239929207303142116129898039305419839603153497702292496665649770407991	0.01462799529827220068499109804718544519021194912432373092449759142018810653274817
-0.97006049783542872712395098676526871080596892313780296955973821233637426077484251	0.03377490158481415479330224686591290134916931447447466043288319455995151175306149
-0.92695677218717400052069293925905319663532965337205198204457319152713611911154113	0.05229333515268328594031205127321125611215009356923631612271008329767634235993282
-0.86581257772030013653642563701937872908479675558844615612709336926271689494152043	0.06979646842452048809496141893021765739877505295508052738631137176394640348728589
-0.78781680597920816200427795540835152138817867133156315812169339771113227625270807	0.08594160621706772741444368137270286618914440534907978328657001104824602477312616
-0.69448726318668278005068983576225677126734228997743516112173377539228593977429305	0.10041414444288096493207883783053628235081108876769962578496091434045309607422377
-0.58764040350691159295887692763864734887761560357371783977003382137246837782804436	0.11293229608053921839340060742178431911426333212099470427259754624861313092361083
-0.46935583798675702640633071096640634609534379113073654779610002969357701468563661	0.12325237681051242428556098615481447195944499900496797242842197188513550279917545
-0.34193582089208422515814742042737961955917329917068734399686238368901343890714696	0.13117350478706237073296499253030744587574189418803065312537970342454461031352897
-0.20786042668822128547884653391954573421567510909793364966865330436820084131471766	0.13654149834601517135257383123151739658636765298868616810946973493820755816453783
-0.06973927331972222121384179611862808182229629948023147470668194651160937363263945	0.13925187285563199337541024834180995787392021745742585812619787707303771281876860
0.06973927331972222121384179611862808182229629948023147470668194651160937363263945	0.13925187285563199337541024834180995787392021745742585812619787707303771281876860
0.20786042668822128547884653391954573421567510909793364966865330436820084131471766	0.13654149834601517135257383123151739658636765298868616810946973493820755816453783
0.34193582089208422515814742042737961955917329917068734399686238368901343890714696	0.13117350478706237073296499253030744587574189418803065312537970342454461031352897
0.46935583798675702640633071096640634609534379113073654779610002969357701468563661	0.12325237681051242428556098615481447195944499900496797242842197188513550279917545
0.58764040350691159295887692763864734887761560357371783977003382137246837782804436	0.11293229608053921839340060742178431911426333212099470427259754624861313092361083
0.69448726318668278005068983576225677126734228997743516112173377539228593977429305	0.10041414444288096493207883783053628235081108876769962578496091434045309607422377
0.78781680597920816200427795540835152138817867133156315812169339771113227625270807	0.08594160621706772741444368137270286618914440534907978328657001104824602477312616
0.86581257772030013653642563701937872908479675558844615612709336926271689494152043	0.06979646842452048809496141893021765739877505295508052738631137176394640348728589
0.92695677218717400052069293925905319663532965337205198204457319152713611911154113	0.05229333515268328594031205127321125611215009356923631612271008329767634235993282
0.97006049783542872712395098676526871080596892313780296955973821233637426077484251	0.03377490158481415479330224686591290134916931447447466043288319455995151175306149
0.99429458548239929207303142116129898039305419839603153497702292496665649770407991	0.01462799529827220068499109804718544519021194912432373092449759142018810653274817

