23
-0.99476933499755212352392571544557436057362737245887042092679388416707407976578527	0.01341185948714177208130949345861506497661833410573723339239588213916088673605206
-0.97254247121811523195602407682077737518161379535397394249125615873579703717457642	0.03098800585697944431069421964188450538377252899992806643488780659861778426286759
-0.93297108682601610234919698903842297823570182015139077069290125460197782880008708	0.04803767173108466857164107163203399656121630830351161133368366686985808687481863
-0.87675235827044166737815688593414567163892902996065063490940111576055163870951594	0.06423242140852585212716961515891099803915827575480683049534668205291755358078128
-0.80488840161883989215111840699677855794143013973030802258543243567170676016904936	0.07928141177671895492289252474204322691371199193840650255563454033204300401375888
-0.71866136313195019446162448374861884832992974513129279575478128821405112867592575	0.09291576606003514747701861736976464860346007174312989373265950461193728493558816
-0.61960987576364615638509731164959565338718065880709229570086558560911980649644684	0.10489209146454141007408618501474385485847158319397500550282519233877937634205089
-0.50950147784600754968979304786684643054484276918485762322718938082127500510476653	0.11499664022241136494164351293396130149141052292958560660907570340279959448374541
-0.39030103803029083142148887288060545857805085069250348121920526331671261618703243	0.12304908430672953046757840067200965481585281254647057443567033290169046770778521
-0.26413568097034493053386953828330960297901325019413960486907887705232885358267202	0.12890572218808214997859533939979365325971549719178349244434043171798946475601104
-0.13325682429846611093174268224176613701040527625338215651094537718704788987565448	0.13246203940469661737164246470331692580503566947422352432251226803848600588267941
0.00000000000000000000000000000000000000000000000000000000000000000000000000000000	0.13365457218610617535145711054584433858315280763688331748193597799144098084772290
0.13325682429846611093174268224176613701040527625338215651094537718704788987565448	0.13246203940469661737164246470331692580503566947422352432251226803848600588267941
0.26413568097034493053386953828330960297901325019413960486907887705232885358267202	0.12890572218808214997859533939979365325971549719178349244434043171798946475601104
0.39030103803029083142148887288060545857805085069250348121920526331671261618703243	0.12304908430672953046757840067200965481585281254647057443567033290169046770778521
0.50950147784600754968979304786684643054484276918485762322718938082127500510476653	0.11499664022241136494164351293396130149141052292958560660907570340279959448374541
0.61960987576364615638509731164959565338718065880709229570086558560911980649644684	0.10489209146454141007408618501474385485847158319397500550282519233877937634205089
0.71866136313195019446162448374861884832992974513129279575478128821405112867592575	0.09291576606003514747701861736976464860346007174312989373265950461193728493558816
0.80488840161883989215111840699677855794143013973030802258543243567170676016904936	0.07928141177671895492289252474204322691371199193840650255563454033204300401375888
0.87675235827044166737815688593414567163892902996065063490940111576055163870951594	0.06423242140852585212716961515891099803915827575480683049534668205291755358078128
0.93297108682601610234919698903842297823570182015139077069290125460197782880008708	0.04803767173108466857164107163203399656121630830351161133368366686985808687481863
0.97254247121811523195602407682077737518161379535397394249125615873579703717457642	0.03098800585697944431069421964188450538377252899992806643488780659861778426286759
0.99476933499755212352392571544557436057362737245887042092679388416707407976578527	0.01341185948714177208130949345861506497661833410573723339239588213916088673605206

