24
-0.99518721999702136017999740970073681187459769259600287744160054511428383206945774	0.01234122979998719954680566707003729157591004089136651681728732094109172551788111
-0.97472855597130949819839199300816906174118305304017871981159356510718112128098022	0.02853138862893366318130781595187828644919779793190811660166480475764400563742914
-0.93827455200273275852364900170872144965481965807745134663502717590958949605253567	0.04427743881741980616860274821133822885931284183385789674139722972102437628226644
-0.88641552700440103421315434198219675508733304330892004037103791677567483439895917	0.05929858491543678074636775850010858454120012656521349103737655129409830317750824
-0.82000198597390292195394987266974520807612647766785558724398102600138297895355454	0.07334648141108030573403361525311651811933650984849947140270249066004138847587093
-0.74012419157855436424382810309997842552329248701418545686638236827190033864092293	0.08619016153195327591718520298374266718508058823793300558840714386128688446078053
-0.64809365193697556925249578691074762666965829861895678029893366502444831756853977	0.09761865210411388826988066446424715442791896885368594408331061002295433857759198
-0.54542147138883953565837561721837237001078399258761817543361438983056483917957090	0.10744427011596563478257734244660622279462869013422002176654164088682186639443711
-0.43379350762604513848708423191334971245242151092796880808080128465676440703363091	0.11550566805372560135334448390678355986227031137649647058444936008867025355131855
-0.31504267969616337438679329131981024078647826082481726875423012952988215634124341	0.12167047292780339120446315347626242560702955920380577877747175451262539371771696
-0.19111886747361630915863982075706963184040510331475335614891857658808595269187174	0.12583745634682829612137538251118368872640332558134540417809151688139387266666260
-0.06405689286260562608504308262474503859099919542074739342435108178973928359391011	0.12793819534675215697405616522469537185171123954166788242129957637234759154053640
0.06405689286260562608504308262474503859099919542074739342435108178973928359391011	0.12793819534675215697405616522469537185171123954166788242129957637234759154053640
0.19111886747361630915863982075706963184040510331475335614891857658808595269187174	0.12583745634682829612137538251118368872640332558134540417809151688139387266666260
0.31504267969616337438679329131981024078647826082481726875423012952988215634124341	0.12167047292780339120446315347626242560702955920380577877747175451262539371771696
0.43379350762604513848708423191334971245242151092796880808080128465676440703363091	0.11550566805372560135334448390678355986227031137649647058444936008867025355131855
0.54542147138883953565837561721837237001078399258761817543361438983056483917957090	0.10744427011596563478257734244660622279462869013422002176654164088682186639443711
0.64809365193697556925249578691074762666965829861895678029893366502444831756853977	0.09761865210411388826988066446424715442791896885368594408331061002295433857759198
0.74012419157855436424382810309997842552329248701418545686638236827190033864092293	0.08619016153195327591718520298374266718508058823793300558840714386128688446078053
0.82000198597390292195394987266974520807612647766785558724398102600138297895355454	0.07334648141108030573403361525311651811933650984849947140270249066004138847587093
0.88641552700440103421315434198219675508733304330892004037103791677567483439895917	0.05929858491543678074636775850010858454120012656521349103737655129409830317750824
0.93827455200273275852364900170872144965481965807745134663502717590958949605253567	0.04427743881741980616860274821133822885931284183385789674139722972102437628226644
0.97472855597130949819839199300816906174118305304017871981159356510718112128098022	0.02853138862893366318130781595187828644919779793190811660166480475764400563742914
0.99518721999702136017999740970073681187459769259600287744160054511428383206945774	0.01234122979998719954680566707003729157591004089136651681728732094109172551788111

