28
-0.99644249757395444995043639048331099175013043209642590458567232949048421896106873	0.00912428259309451773881615392295170624034449109829099941673969132389945986579813
-0.98130316537087275369455994580783027644415495325313830967602568145872845192177680	0.02113211259277125975150038099326543445136935072328563779766849025106515575357709
-0.95425928062893819725410183970521558900340387408795167541471444862383064059583080	0.03290142778230437997763081917053204598153081742009718785926162060376463669261274
-0.91563302639213207386968942332992714635249679520912150866150024460300817850704072	0.04427293475900422783958787765320739061499411270856684371514706188422417761369993
-0.86589252257439504894225456737968680434186283078422633697754673301669440856512239	0.05510734567571674543148291822694559121905796422566538840689275397294262321934260
-0.80564137091717917144788595542527765867170141480831166821068716178038954326087203	0.06527292396699959579339756677550463635363543116260702633548481815207689473898794
-0.73561087801363177202814451029253436801606101999304189322852777633581125846933019	0.07464621423456877902393188717302203802163586120633344743932005621496384206537730
-0.65665109403886496121989817650674282156960169024992996183170349749585030098362578	0.08311341722890121839039649824433247986113441344385133299635567173254245282603428
-0.56972047181140171930800328335643093312471268565664722782002967766221475263728300	0.09057174439303284094218603133678412982285748545448487237586853385445671546674270
-0.47587422495511826103441184766743404262721614537865595140911269294327237419897289	0.09693065799792991585048900609544060176503312335646160495687628181436939407754731
-0.37625151608907871022135720955608698287169397704322291034435272039383171884295641	0.10211296757806076981421663850571213504658000235792054093397545220284639843703364
-0.27206162763517807767682635612576973482476129669352295249967592650244234024091370	0.10605576592284641791041643699681082878992296268515951683062029628592251273941039
-0.16456928213338077128147177789116545714572541560116817649428562669533185047569645	0.10871119225829413525357151930367336787527845466604396765712117047731332638312879
-0.05507928988403427042651652734187997785079599106083368374533858725889454453430758	0.11004701301647519628237626560181761395662552949123163327866810122961241012070716
0.05507928988403427042651652734187997785079599106083368374533858725889454453430758	0.11004701301647519628237626560181761395662552949123163327866810122961241012070716
0.16456928213338077128147177789116545714572541560116817649428562669533185047569645	0.10871119225829413525357151930367336787527845466604396765712117047731332638312879
0.27206162763517807767682635612576973482476129669352295249967592650244234024091370	0.10605576592284641791041643699681082878992296268515951683062029628592251273941039
0.37625151608907871022135720955608698287169397704322291034435272039383171884295641	0.10211296757806076981421663850571213504658000235792054093397545220284639843703364
0.47587422495511826103441184766743404262721614537865595140911269294327237419897289	0.09693065799792991585048900609544060176503312335646160495687628181436939407754731
0.56972047181140171930800328335643093312471268565664722782002967766221475263728300	0.09057174439303284094218603133678412982285748545448487237586853385445671546674270
0.65665109403886496121989817650674282156960169024992996183170349749585030098362578	0.08311341722890121839039649824433247986113441344385133299635567173254245282603428
0.73561087801363177202814451029253436801606101999304189322852777633581125846933019	0.07464621423456877902393188717302203802163586120633344743932005621496384206537730
0.80564137091717917144788595542527765867170141480831166821068716178038954326087203	0.06527292396699959579339756677550463635363543116260702633548481815207689473898794
0.86589252257439504894225456737968680434186283078422633697754673301669440856512239	0.05510734567571674543148291822694559121905796422566538840689275397294262321934260
0.91563302639213207386968942332992714635249679520912150866150024460300817850704072	0.04427293475900422783958787765320739061499411270856684371514706188422417761369993
0.95425928062893819725410183970521558900340387408795167541471444862383064059583080	0.03290142778230437997763081917053204598153081742009718785926162060376463669261274
0.98130316537087275369455994580783027644415495325313830967602568145872845192177680	0.02113211259277125975150038099326543445136935072328563779766849025106515575357709
0.99644249757395444995043639048331099175013043209642590458567232949048421896106873	0.00912428259309451773881615392295170624034449109829099941673969132389945986579813

