29
-0.99667944226059658616319153254935388565177345325088000219815732375678558599441974	0.00851690387874640965426381330224980300239888979851848605243009455946529158780576
-0.98254550526141317487092601578637695610678194890643155902512009144667258571563038	0.01973208505612270598385980164039563114960656819036158765605384467534435633886111
-0.95728559577808772579820803698082356373755955395409707056352963615334160415432420	0.03074049220209362264440852537461674974711626096870951032208435936635163243589562
-0.92118023295305878509375343608310642540883934331229359846899146380595001328445027	0.04140206251868283610483001011407692153349078038857439725792487943479243705637104
-0.87463780492010279041779342125657854691061686311904137072722082871474183708631115	0.05159482690249792391259438117954259791962211064614206768186283132730412029289842
-0.81818548761525244498957221457878497563002156188229377113703427229531652533557511	0.06120309065707913854210984802390704492406453977913020831787741211199444407535551
-0.75246285173447713391261007721213819021259196822898660841199799152469213071768591	0.07011793325505127856958148694887917310239488867477358191480742486000795714298252
-0.67821453760268651515618500539198592638826293001464516272380985894936650320016802	0.07823832713576378382814488865968033136687907695966970946757519532476054420723229
-0.59628179713822782037958621118898978007818681038557763847346239323034283396173990	0.08547225736617252754534484929720807138169825661359339532189074338243199255567235
-0.50759295512422764210262791962752015335122384038458416418506430709821436636263682	0.09173775713925876334796641107711080689822902098195457127582987469869372431549450
-0.41315288817400866389070658603161682332343851873631391977838466525428334621197280	0.09696383409440860630190007488268875917635627792180356426049546674623287790177858
-0.31403163786763993494819592319104744825844881909082748129675893089444669742943344	0.10109127375991496612182054690749736364756727885252519912283202330577702036922581
-0.21135228616600107450637572890293749905665081771209514803840084532205891110801178	0.10407331007772937391332847128512006891065222067546769164369405414788030108549384
-0.10627823013267923017098239243037698091719543929560713628577527402216534375158464	0.10587615509732094140659132785218789307483131374227803982815534552502263816913946
0.00000000000000000000000000000000000000000000000000000000000000000000000000000000	0.10647938171831424424651112690967756833018503161299597975297290106788132493158638
0.10627823013267923017098239243037698091719543929560713628577527402216534375158464	0.10587615509732094140659132785218789307483131374227803982815534552502263816913946
0.21135228616600107450637572890293749905665081771209514803840084532205891110801178	0.10407331007772937391332847128512006891065222067546769164369405414788030108549384
0.31403163786763993494819592319104744825844881909082748129675893089444669742943344	0.10109127375991496612182054690749736364756727885252519912283202330577702036922581
0.41315288817400866389070658603161682332343851873631391977838466525428334621197280	0.09696383409440860630190007488268875917635627792180356426049546674623287790177858
0.50759295512422764210262791962752015335122384038458416418506430709821436636263682	0.09173775713925876334796641107711080689822902098195457127582987469869372431549450
0.59628179713822782037958621118898978007818681038557763847346239323034283396173990	0.08547225736617252754534484929720807138169825661359339532189074338243199255567235
0.67821453760268651515618500539198592638826293001464516272380985894936650320016802	0.07823832713576378382814488865968033136687907695966970946757519532476054420723229
0.75246285173447713391261007721213819021259196822898660841199799152469213071768591	0.07011793325505127856958148694887917310239488867477358191480742486000795714298252
0.81818548761525244498957221457878497563002156188229377113703427229531652533557511	0.06120309065707913854210984802390704492406453977913020831787741211199444407535551
0.87463780492010279041779342125657854691061686311904137072722082871474183708631115	0.05159482690249792391259438117954259791962211064614206768186283132730412029289842
0.92118023295305878509375343608310642540883934331229359846899146380595001328445027	0.04140206251868283610483001011407692153349078038857439725792487943479243705637104
0.95728559577808772579820803698082356373755955395409707056352963615334160415432420	0.03074049220209362264440852537461674974711626096870951032208435936635163243589562
0.98254550526141317487092601578637695610678194890643155902512009144667258571563038	0.01973208505612270598385980164039563114960656819036158765605384467534435633886111
0.99667944226059658616319153254935388565177345325088000219815732375678558599441974	0.00851690387874640965426381330224980300239888979851848605243009455946529158780576

