30
-0.99689348407464954027163005091869528334088203811775079010809429780238769521016374	0.00796819249616660561546588347467362245048069658715172122948516335692003843290133
-0.98366812327974720997003258160566280194031785470971136351718001015114429536479104	0.01846646831109095914230213191204726909620653396818140337129836551458559952130797
-0.96002186496830751221687102558179766293035921740392339948566167242493995770706843	0.02878470788332336934971917961129204363958889454628749647418012260814598894001393
-0.92620004742927432587932427708047400408647453682532906091103713367942299565110233	0.03879919256962704959680193644634769203320097676639535210773278970594697095276979
-0.88256053579205268154311646253022559005668914714648423206832605312161626269519166	0.04840267283059405290293814042280751781527180919737273634519193679180542567710215
-0.82956576238276839744289811973250191643906869617034167880695298345365650658958164	0.05749315621761906648172168940205612879712067072176313454871579900323214740995438
-0.76777743210482619491797734097450313169488361723290845320649438736515857017299505	0.06597422988218049512812851511596236123744295365666037896703151604214367246609418
-0.69785049479331579693229238802664006838235380065395465637972284673997672124315996	0.07375597473770520626824385002219073415377052603704943894126918237459939931463521
-0.62052618298924286114047755643118929920736469282952813259505117012433531497488912	0.08075589522942021535469493846052973087589280370843929989025859370605118056702635
-0.53662414814201989926416979331107279416417800693029710545274348291201490861897838	0.08689978720108297980238753071512570257675332874354534401222212988215358225426149
-0.44703376953808917678060990032285400016240759386142440975447738172761535172858421	0.09212252223778612871763270708761876719691323441823410752767504700197304707009417
-0.35270472553087811347103720708937386065363100802142562659418446890026941623319108	0.09636873717464425963946862635180986509640646143016024591299427573283753474200312
-0.25463692616788984643980512981780510788278930330251842616428597508896353156907880	0.09959342058679526706278028210356947652986926366670427722136514618394666038990881
-0.15386991360858354696379467274325592041855197124433846171896298291578714851081610	0.10176238974840550459642895216855404463270628948712684086426094541964251360531767
-0.05147184255531769583302521316672257374914145366656956425516084398796475521042711	0.10285265289355884034128563670541504386837555706492822258631898667601623865660943
0.05147184255531769583302521316672257374914145366656956425516084398796475521042711	0.10285265289355884034128563670541504386837555706492822258631898667601623865660943
0.15386991360858354696379467274325592041855197124433846171896298291578714851081610	0.10176238974840550459642895216855404463270628948712684086426094541964251360531767
0.25463692616788984643980512981780510788278930330251842616428597508896353156907880	0.09959342058679526706278028210356947652986926366670427722136514618394666038990881
0.35270472553087811347103720708937386065363100802142562659418446890026941623319108	0.09636873717464425963946862635180986509640646143016024591299427573283753474200312
0.44703376953808917678060990032285400016240759386142440975447738172761535172858421	0.09212252223778612871763270708761876719691323441823410752767504700197304707009417
0.53662414814201989926416979331107279416417800693029710545274348291201490861897838	0.08689978720108297980238753071512570257675332874354534401222212988215358225426149
0.62052618298924286114047755643118929920736469282952813259505117012433531497488912	0.08075589522942021535469493846052973087589280370843929989025859370605118056702635
0.69785049479331579693229238802664006838235380065395465637972284673997672124315996	0.07375597473770520626824385002219073415377052603704943894126918237459939931463521
0.76777743210482619491797734097450313169488361723290845320649438736515857017299505	0.06597422988218049512812851511596236123744295365666037896703151604214367246609418
0.82956576238276839744289811973250191643906869617034167880695298345365650658958164	0.05749315621761906648172168940205612879712067072176313454871579900323214740995438
0.88256053579205268154311646253022559005668914714648423206832605312161626269519166	0.04840267283059405290293814042280751781527180919737273634519193679180542567710215
0.92620004742927432587932427708047400408647453682532906091103713367942299565110233	0.03879919256962704959680193644634769203320097676639535210773278970594697095276979
0.96002186496830751221687102558179766293035921740392339948566167242493995770706843	0.02878470788332336934971917961129204363958889454628749647418012260814598894001393
0.98366812327974720997003258160566280194031785470971136351718001015114429536479104	0.01846646831109095914230213191204726909620653396818140337129836551458559952130797
0.99689348407464954027163005091869528334088203811775079010809429780238769521016374	0.00796819249616660561546588347467362245048069658715172122948516335692003843290133

