31
-0.99708748181947707405562655422310250825144533411706963079212371892665654472086043	0.00747083157924877585869687503221240702215085248404803969927097032867827310017432
-0.98468590966515248400246516673468471093851826951464367094572865939545995388854473	0.01731862079031058246315799608682114136627286276799577663275518378881015441514584
-0.96250392509294966178905240410585830189721948515255837677335135702997197993059612	0.02700901918497942180060870809193215614235664600211664585687474984727008882487280
-0.93075699789664816495694575972926351281339768725808203645533637519068294184236303	0.03643227391238546402439201046780344232714533204766768590141903939633340796852409
-0.88976002994827104337419200898215926154359741186519094976313205592617100193608507	0.04549370752720110290231585789462967726355271931002896489351663612152438999127021
-0.83992032014626734008690453594017835605473730107474952283136061389494682826535711	0.05410308242491685371166625908662004272038946259621180769400782105129990305806477
-0.78173314841662494040636002019468449109541037201339888006487506270355750320384169	0.06217478656102842691034354368669666715872879936465131528150750533149109462276852
-0.71577678458685328390597086536648595589019347616958843262810824560508627375107419	0.06962858323541036616775612625512571051508570739734339371107271703674269127786942
-0.64270672292426034618441820323250145399169068333620675650930459647613340524051326	0.07639038659877661642635767490133064492575691369420865409219008164640825193394857
-0.56324916140714926272094492359516142794860227316688703098576878368745538078364484	0.08239299176158926390382336743196177061576826655664627781038392425063086664653364
-0.47819378204490248044059403935648574843952337149742312483816105099913687863709328	0.08757674060847787612619806969533309222925815977120425150354121196912542450409970
-0.38838590160823294306135146128752010198510626789354403575781287847167807217079868	0.09189011389364147821536287160715012549731082537915780417848561650424870434742415
-0.29471806998170161661790389767170433875285518527835855693629588223606956987709819	0.09529024291231951280720419748759668454132473824695902271144946592846880563649279
-0.19812119933557062877241299603283393777479481216155487998680225425600520600460464	0.09774333538632872509347401097899670383572878867609511450951464450145246314708004
-0.09955531215234152032517479011894073383899535877752730606022709097726987552959607	0.09922501122667230787487551442861501401754321995556306978120314251546907447035770
0.00000000000000000000000000000000000000000000000000000000000000000000000000000000	0.09972054479342645142753383373434943964325341150020435148561457956409281211074687
0.09955531215234152032517479011894073383899535877752730606022709097726987552959607	0.09922501122667230787487551442861501401754321995556306978120314251546907447035770
0.19812119933557062877241299603283393777479481216155487998680225425600520600460464	0.09774333538632872509347401097899670383572878867609511450951464450145246314708004
0.29471806998170161661790389767170433875285518527835855693629588223606956987709819	0.09529024291231951280720419748759668454132473824695902271144946592846880563649279
0.38838590160823294306135146128752010198510626789354403575781287847167807217079868	0.09189011389364147821536287160715012549731082537915780417848561650424870434742415
0.47819378204490248044059403935648574843952337149742312483816105099913687863709328	0.08757674060847787612619806969533309222925815977120425150354121196912542450409970
0.56324916140714926272094492359516142794860227316688703098576878368745538078364484	0.08239299176158926390382336743196177061576826655664627781038392425063086664653364
0.64270672292426034618441820323250145399169068333620675650930459647613340524051326	0.07639038659877661642635767490133064492575691369420865409219008164640825193394857
0.71577678458685328390597086536648595589019347616958843262810824560508627375107419	0.06962858323541036616775612625512571051508570739734339371107271703674269127786942
0.78173314841662494040636002019468449109541037201339888006487506270355750320384169	0.06217478656102842691034354368669666715872879936465131528150750533149109462276852
0.83992032014626734008690453594017835605473730107474952283136061389494682826535711	0.05410308242491685371166625908662004272038946259621180769400782105129990305806477
0.88976002994827104337419200898215926154359741186519094976313205592617100193608507	0.04549370752720110290231585789462967726355271931002896489351663612152438999127021
0.93075699789664816495694575972926351281339768725808203645533637519068294184236303	0.03643227391238546402439201046780344232714533204766768590141903939633340796852409
0.96250392509294966178905240410585830189721948515255837677335135702997197993059612	0.02700901918497942180060870809193215614235664600211664585687474984727008882487280
0.98468590966515248400246516673468471093851826951464367094572865939545995388854473	0.01731862079031058246315799608682114136627286276799577663275518378881015441514584
0.99708748181947707405562655422310250825144533411706963079212371892665654472086043	0.00747083157924877585869687503221240702215085248404803969927097032867827310017432

