32
-0.99726386184948156354498112866504072713853766372946115930111854578623590839174185	0.00701861000947009660040706373885318251337722072893960323200823561921512414541787
-0.98561151154526833540017504463090197863239571433580631821078217058203058471937559	0.01627439473090567060517056220638661817954296379520956642959317496133696517529179
-0.96476225558750643077381192811827496038889522044301871932201132183709952548670380	0.02539206530926205945575258978922402928755404754694872093625128221921547885323766
-0.93490607593773968917091913483540932552867143228283721845840373981181619471829329	0.03427386291302143310268773225237270699484020291162743378140574541923105221689844
-0.89632115576605212396530724371921226847899649679575957656361541296502497949104092	0.04283589802222668065687864660612552849281085759894073956202194089110439169625723
-0.84936761373256997013369300496774253895488679304975923310021959861372465614156256	0.05099805926237617619616324468952169526018477673976284370690712365250305103851378
-0.79448379596794240696309729897042890209547940163883545325075824497205939228164267	0.05868409347853554714528363730017088675012046745754675871500327861328775180190906
-0.73218211874028968038742666509126714663027048350662910082113957327038525358779773	0.06582222277636184683765006370693877287753644737324651537109166968524124420186273
-0.66304426693021520097511516866323836897702228596050530101708349649244617492322294	0.07234579410884850622539935647848779160433698330182487073976328235117653458168004
-0.58771575724076232904074547640182685845094011545442057270317884731292285866844743	0.07819389578707030647174091882830667103978679848215919030748155386949370011519644
-0.50689990893222939002374747437782123018028369959943546397436628097077126404787644	0.08331192422694675522219907460434861153874688394283445984018640472875940692443810
-0.42135127613063534536411943617242647833587728863244333054166134045571904625498373	0.08765209300440381114277146275180228754844972170175722231922280347470611502113802
-0.33186860228212764977991680573018799619577513680505983601822963062853768296574382	0.09117387869576388471286857711163706254486141327539000532312787397770315206130175
-0.23928736225213707454460320916550152060885542196025301554709609955970291330399439	0.09384439908080456563918023766811726003610007574623645005062756963556951186230981
-0.14447196158279649348518637359881065220384599131563555213795289382421844381645197	0.09563872007927485941908200220413110059489050816200555095298985094370674443660063
-0.04830766568773831623481257044050216369084725173084889716779373454636859260427788	0.09654008851472780056676483006357579473686063123557006873231820995774977586794665
0.04830766568773831623481257044050216369084725173084889716779373454636859260427788	0.09654008851472780056676483006357579473686063123557006873231820995774977586794665
0.14447196158279649348518637359881065220384599131563555213795289382421844381645197	0.09563872007927485941908200220413110059489050816200555095298985094370674443660063
0.23928736225213707454460320916550152060885542196025301554709609955970291330399439	0.09384439908080456563918023766811726003610007574623645005062756963556951186230981
0.33186860228212764977991680573018799619577513680505983601822963062853768296574382	0.09117387869576388471286857711163706254486141327539000532312787397770315206130175
0.42135127613063534536411943617242647833587728863244333054166134045571904625498373	0.08765209300440381114277146275180228754844972170175722231922280347470611502113802
0.50689990893222939002374747437782123018028369959943546397436628097077126404787644	0.08331192422694675522219907460434861153874688394283445984018640472875940692443810
0.58771575724076232904074547640182685845094011545442057270317884731292285866844743	0.07819389578707030647174091882830667103978679848215919030748155386949370011519644
0.66304426693021520097511516866323836897702228596050530101708349649244617492322294	0.07234579410884850622539935647848779160433698330182487073976328235117653458168004
0.73218211874028968038742666509126714663027048350662910082113957327038525358779773	0.06582222277636184683765006370693877287753644737324651537109166968524124420186273
0.79448379596794240696309729897042890209547940163883545325075824497205939228164267	0.05868409347853554714528363730017088675012046745754675871500327861328775180190906
0.84936761373256997013369300496774253895488679304975923310021959861372465614156256	0.05099805926237617619616324468952169526018477673976284370690712365250305103851378
0.89632115576605212396530724371921226847899649679575957656361541296502497949104092	0.04283589802222668065687864660612552849281085759894073956202194089110439169625723
0.93490607593773968917091913483540932552867143228283721845840373981181619471829329	0.03427386291302143310268773225237270699484020291162743378140574541923105221689844
0.96476225558750643077381192811827496038889522044301871932201132183709952548670380	0.02539206530926205945575258978922402928755404754694872093625128221921547885323766
0.98561151154526833540017504463090197863239571433580631821078217058203058471937559	0.01627439473090567060517056220638661817954296379520956642959317496133696517529179
0.99726386184948156354498112866504072713853766372946115930111854578623590839174185	0.00701861000947009660040706373885318251337722072893960323200823561921512414541787

