35
-0.99770656909960029726016313931209472519327463717101331659229771374251910872796374	0.00588343342044308497575389624011262403075431779823297371168420451988318950481224
-0.98793576444385149803511708918548598531300829571417435475611395754771419047372376	0.01365082834836149226640400292051638397399403784142492099719009988256448974533120
-0.97043761603922983321507048258477014252488123931237660742063722005049631954918186	0.02132297991148358088343798396620507832380964471993620726489845562559719431922728
-0.94534514820782732953872598552997464486281125124787315411193699309778399888989908	0.02882926010889425404871603971448491626152772662959499974747374084211656712320208
-0.91285426135931761446493706355576423048806101362555800492979203053090112612482408	0.03611011586346338053271696964754993830853577896998694316678639524243320554183466
-0.87321912502522233152328234914138526664433890227937494663482945132374508456142642	0.04310842232617021878230645937490820342280658716399020871006291908060781914140395
-0.82674989909222540683405061274855757904689061798230734135296924639283502878823556	0.04976937040135352980519967608499495859449495319457316369573066436191541365725338
-0.77381025228691255526742300920988748101181007297154592634339916728344613225601513	0.05604081621237012857832774716510096444034853490455634554970528511503581623117755
-0.71481450155662878326440863122444674696204396852173051192539184344641779984462791	0.06187367196608018888701413878868865226537122580409643507340429175296948673435955
-0.65022436466589038867579280898455926336976232592837400126498692372829521275689891	0.06722228526908690396430550874814855854709311914960480846055927495170417464158210
-0.58054534474976450993450200818969007093207020356433243389225780721009714275646618	0.07204479477256006466546190978527775614726739302742726056329682156206092580613404
-0.50632277324148861502429755583732737658608793863636924753107281751191386051041077	0.07630345715544205353865853788422622552708008189563653436772884519687454098553254
-0.42813754151781425418762061300147985878471844648853384395397197681584829477517718	0.07996494224232426293266208098504575632883549943008884738043654410797916518353378
-0.34660155443081394587697983493023823180840876937729210872687988554085496720308985	0.08300059372885658837992652821617700348517450381345111995528884968722505115126931
-0.26235294120929605797089520045558051348630439864578128365820622160315955638611258	0.08538665339209912522594398739111756764119098828375075112053146186876541127335206
-0.17605106116598956997430365644505992967542971232975704741088801268954288317308397	0.08710444699718353424332203160554093668505671509385493140445383422179678866160533
-0.08837134327565926360092943349754880342411743476509814139725086668186612251432633	0.08814053043027546297073880759309664142545431727449083717057178460222916745746620
0.00000000000000000000000000000000000000000000000000000000000000000000000000000000	0.08848679490710429063820738777761566918240915001060542332039305475648318568184550
0.08837134327565926360092943349754880342411743476509814139725086668186612251432633	0.08814053043027546297073880759309664142545431727449083717057178460222916745746620
0.17605106116598956997430365644505992967542971232975704741088801268954288317308397	0.08710444699718353424332203160554093668505671509385493140445383422179678866160533
0.26235294120929605797089520045558051348630439864578128365820622160315955638611258	0.08538665339209912522594398739111756764119098828375075112053146186876541127335206
0.34660155443081394587697983493023823180840876937729210872687988554085496720308985	0.08300059372885658837992652821617700348517450381345111995528884968722505115126931
0.42813754151781425418762061300147985878471844648853384395397197681584829477517718	0.07996494224232426293266208098504575632883549943008884738043654410797916518353378
0.50632277324148861502429755583732737658608793863636924753107281751191386051041077	0.07630345715544205353865853788422622552708008189563653436772884519687454098553254
0.58054534474976450993450200818969007093207020356433243389225780721009714275646618	0.07204479477256006466546190978527775614726739302742726056329682156206092580613404
0.65022436466589038867579280898455926336976232592837400126498692372829521275689891	0.06722228526908690396430550874814855854709311914960480846055927495170417464158210
0.71481450155662878326440863122444674696204396852173051192539184344641779984462791	0.06187367196608018888701413878868865226537122580409643507340429175296948673435955
0.77381025228691255526742300920988748101181007297154592634339916728344613225601513	0.05604081621237012857832774716510096444034853490455634554970528511503581623117755
0.82674989909222540683405061274855757904689061798230734135296924639283502878823556	0.04976937040135352980519967608499495859449495319457316369573066436191541365725338
0.87321912502522233152328234914138526664433890227937494663482945132374508456142642	0.04310842232617021878230645937490820342280658716399020871006291908060781914140395
0.91285426135931761446493706355576423048806101362555800492979203053090112612482408	0.03611011586346338053271696964754993830853577896998694316678639524243320554183466
0.94534514820782732953872598552997464486281125124787315411193699309778399888989908	0.02882926010889425404871603971448491626152772662959499974747374084211656712320208
0.97043761603922983321507048258477014252488123931237660742063722005049631954918186	0.02132297991148358088343798396620507832380964471993620726489845562559719431922728
0.98793576444385149803511708918548598531300829571417435475611395754771419047372376	0.01365082834836149226640400292051638397399403784142492099719009988256448974533120
0.99770656909960029726016313931209472519327463717101331659229771374251910872796374	0.00588343342044308497575389624011262403075431779823297371168420451988318950481224

