36
-0.99783046248408583619882834558075023864981646239663131259054116779973136056705890	0.00556571966424504536125598439054783741722459189417851017605791338451489798749650
-0.98858647890221223807339510787710744660716252006528705578819152713454140691582052	0.01291594728406557440450341149779164919196121285147967185003039204362092142976082
-0.97202769104969794933560504843110832761604639626595174057281228388387443023355400	0.02018151529773547153209892895822112741958651024086156525054936917401230991791425
-0.94827298439950754520247411494522784628937652533367363255021103692942063801562344	0.02729862149856877909441718086798335799045682814205085535541414495848519440573038
-0.91749777451565906607586722302615639993690946781365485585199310667193135728915877	0.03421381077030722992124506156271455407009691132677648352974384584449831457315480
-0.87992980089039713198242733746583558877329284208075692776787359843381671314454764	0.04087575092364489547411454514326319154793706111907814620784329388909819164759666
-0.83584716699247530641882087249860065334677937939232514421886425954884739292013481	0.04723508349026597841661682961667483207315178743436963026401837934791768317497625
-0.78557623013220651282776896508029260330233050583960136064813263719755623453080018	0.05324471397775991909202562828621964968892961105894292068727376767106987462176672
-0.72948917159355658209026047900610898556584304690519700410583108042219795661708020	0.05886014424532481730967539981892003594275409578255928924565305144275785499211276
-0.66800123658552106209719134434091763916470249021263765340159586476396945608183380	0.06403979735501548955638479862585633974602147055084072492743474315731960417689868
-0.60156765813598053507994497507359475174295415598675190997523759202647798799860798	0.06874532383573644261368963936361320834173076464213849122955072618565617890845174
-0.53068028592624516164070908012156981766122287264682207647587856084579464724726404	0.07294188500565306135387337694127421828694695261699054440281241495508419406894379
-0.45586394443342026720721766932744092595784238829685747265617950947825943022305913	0.07659841064587067452875773372150164172792755683199183378203784650532938939187958
-0.37767254711968921632273638966990762216617280488528786620739067011126464253131127	0.07968782891207160190872466550186390732753415751472602018755167051098262176372612
-0.29668499534402827050323904774517045270024182295982532670161445277305354144805073	0.08218726670433970951722347354494230286496307293462212098080902841424393731258270
-0.21350089231686557894322622890271391675846173127276819455010391037208565860027081	0.08407821897966193493345762429159582120393591395760604550398237147861194900869839
-0.12873610380938478865199338800515230117728972459937313360590289103530612361461855	0.08534668573933862749185054307648977099878658549729129412848497090336996069236436
-0.04301819847370860722696897822836343455429479480600918976840018055882079700365256	0.08598327567039474749008517479052655416005491560349585229075207013342692192594550
0.04301819847370860722696897822836343455429479480600918976840018055882079700365256	0.08598327567039474749008517479052655416005491560349585229075207013342692192594550
0.12873610380938478865199338800515230117728972459937313360590289103530612361461855	0.08534668573933862749185054307648977099878658549729129412848497090336996069236436
0.21350089231686557894322622890271391675846173127276819455010391037208565860027081	0.08407821897966193493345762429159582120393591395760604550398237147861194900869839
0.29668499534402827050323904774517045270024182295982532670161445277305354144805073	0.08218726670433970951722347354494230286496307293462212098080902841424393731258270
0.37767254711968921632273638966990762216617280488528786620739067011126464253131127	0.07968782891207160190872466550186390732753415751472602018755167051098262176372612
0.45586394443342026720721766932744092595784238829685747265617950947825943022305913	0.07659841064587067452875773372150164172792755683199183378203784650532938939187958
0.53068028592624516164070908012156981766122287264682207647587856084579464724726404	0.07294188500565306135387337694127421828694695261699054440281241495508419406894379
0.60156765813598053507994497507359475174295415598675190997523759202647798799860798	0.06874532383573644261368963936361320834173076464213849122955072618565617890845174
0.66800123658552106209719134434091763916470249021263765340159586476396945608183380	0.06403979735501548955638479862585633974602147055084072492743474315731960417689868
0.72948917159355658209026047900610898556584304690519700410583108042219795661708020	0.05886014424532481730967539981892003594275409578255928924565305144275785499211276
0.78557623013220651282776896508029260330233050583960136064813263719755623453080018	0.05324471397775991909202562828621964968892961105894292068727376767106987462176672
0.83584716699247530641882087249860065334677937939232514421886425954884739292013481	0.04723508349026597841661682961667483207315178743436963026401837934791768317497625
0.87992980089039713198242733746583558877329284208075692776787359843381671314454764	0.04087575092364489547411454514326319154793706111907814620784329388909819164759666
0.91749777451565906607586722302615639993690946781365485585199310667193135728915877	0.03421381077030722992124506156271455407009691132677648352974384584449831457315480
0.94827298439950754520247411494522784628937652533367363255021103692942063801562344	0.02729862149856877909441718086798335799045682814205085535541414495848519440573038
0.97202769104969794933560504843110832761604639626595174057281228388387443023355400	0.02018151529773547153209892895822112741958651024086156525054936917401230991791425
0.98858647890221223807339510787710744660716252006528705578819152713454140691582052	0.01291594728406557440450341149779164919196121285147967185003039204362092142976082
0.99783046248408583619882834558075023864981646239663131259054116779973136056705890	0.00556571966424504536125598439054783741722459189417851017605791338451489798749650

