37
-0.99794458247791364894080307431736328366900784948672915406882677468633247777578197	0.00527305727949793935172205423353038918308830590652726543376349727715563214272947
-0.98918596321431918668409906058427230896245291758067398047602164555467738263806711	0.01223878010030755652630485243634657594229095311126608230404168902988928197808822
-0.97349303005648574432889047566575934481538461670860826835950340942525496728168806	0.01912904448908396604350194794010617413029523574621032565224674679017081180517522
-0.95097234326209482132857609681632593399754857980457738551756067210927540475350290	0.02588603699055893352275948136248729802948418257510327043311049725166496874241952
-0.92178143741246374266814368670071348878159526716232966114141050837926465441811216	0.03246163984752148106723425350145872879909455912252466641255207993778620703556146
-0.88612496215548607894614950901688644010681323482689630769855031804283393522436124	0.03880960250193454448896237032847601996738918927368540082289450246165791204987448
-0.84425298734055596798745627617486023169063449589762218411906551980678089027828848	0.04488536466243716665741030411019636019472330651441393295679996302426599609688280
-0.79645920050990229339304633550032452348563115894052160758188377804224538097742079	0.05064629765482460160387586308671634405270576294535410972861539845575235480642996
-0.74307883398196526254704741747381287908990185326301260235214708346322830516897808	0.05605198799827491780853923966425266642675385528776707882883525912558896850199262
-0.68448630913095935744552321243115370804434381097007768743284097760206610241085666	0.06106451652322598613098810450049658567799400906236310487461042242097297036273070
-0.62109260840892448314815259159505731004172640060413515922390186643614757242832023	0.06564872287275124948402376629797121819667732114972492649740086096873613425108588
-0.55334239186158178123509835822926447347228655224098232397199961173386928494506140	0.06977245155570034488508135679301929118602367869775608738004010270708184139770415
-0.48171087780320555414719286888263917198952243434735039595510893699442598654494747	0.07340677724848817272462663151979546498346994219764821463322177661030138437238651
-0.40670050931832611010093159161396660852247127935055889959630397048489653338731474	0.07652620757052923788588799120662251549536331553154405161251461988320279725665984
-0.32883742988370699949847180133994048368002257529230803802293551800389282325404642	0.07910886183752938076721218739664523851600693506418236602175058639946006024218528
-0.24866779279136575880556775148771621853167765168294515767851682697071530620940839	0.08113662450846503050987760179979226356646004497462493854939450587276088691164776
-0.16675393023985197696867173041182443746664839603127634900410799882912685128806621	0.08259527223643725089123030115283847077330645260203976818432580899354219971959284
-0.08367040895476990194304833173639917756352163203515229361529331764554140508631868	0.08347457362586278725225300948451869902043531020302605005984610975699198507934716
0.00000000000000000000000000000000000000000000000000000000000000000000000000000000	0.08376836099313890479701736636945939171687528006847671922807114606603521449501225
0.08367040895476990194304833173639917756352163203515229361529331764554140508631868	0.08347457362586278725225300948451869902043531020302605005984610975699198507934716
0.16675393023985197696867173041182443746664839603127634900410799882912685128806621	0.08259527223643725089123030115283847077330645260203976818432580899354219971959284
0.24866779279136575880556775148771621853167765168294515767851682697071530620940839	0.08113662450846503050987760179979226356646004497462493854939450587276088691164776
0.32883742988370699949847180133994048368002257529230803802293551800389282325404642	0.07910886183752938076721218739664523851600693506418236602175058639946006024218528
0.40670050931832611010093159161396660852247127935055889959630397048489653338731474	0.07652620757052923788588799120662251549536331553154405161251461988320279725665984
0.48171087780320555414719286888263917198952243434735039595510893699442598654494747	0.07340677724848817272462663151979546498346994219764821463322177661030138437238651
0.55334239186158178123509835822926447347228655224098232397199961173386928494506140	0.06977245155570034488508135679301929118602367869775608738004010270708184139770415
0.62109260840892448314815259159505731004172640060413515922390186643614757242832023	0.06564872287275124948402376629797121819667732114972492649740086096873613425108588
0.68448630913095935744552321243115370804434381097007768743284097760206610241085666	0.06106451652322598613098810450049658567799400906236310487461042242097297036273070
0.74307883398196526254704741747381287908990185326301260235214708346322830516897808	0.05605198799827491780853923966425266642675385528776707882883525912558896850199262
0.79645920050990229339304633550032452348563115894052160758188377804224538097742079	0.05064629765482460160387586308671634405270576294535410972861539845575235480642996
0.84425298734055596798745627617486023169063449589762218411906551980678089027828848	0.04488536466243716665741030411019636019472330651441393295679996302426599609688280
0.88612496215548607894614950901688644010681323482689630769855031804283393522436124	0.03880960250193454448896237032847601996738918927368540082289450246165791204987448
0.92178143741246374266814368670071348878159526716232966114141050837926465441811216	0.03246163984752148106723425350145872879909455912252466641255207993778620703556146
0.95097234326209482132857609681632593399754857980457738551756067210927540475350290	0.02588603699055893352275948136248729802948418257510327043311049725166496874241952
0.97349303005648574432889047566575934481538461670860826835950340942525496728168806	0.01912904448908396604350194794010617413029523574621032565224674679017081180517522
0.98918596321431918668409906058427230896245291758067398047602164555467738263806711	0.01223878010030755652630485243634657594229095311126608230404168902988928197808822
0.99794458247791364894080307431736328366900784948672915406882677468633247777578197	0.00527305727949793935172205423353038918308830590652726543376349727715563214272947

