38
-0.99804993053568761981284707655158099749046537027458809016074439401393485955151667	0.00500288074963934567589954209189937046383927186262170591403413765360298127922716
-0.98973945426638557194442589110567934732438124690802220638383149907385889564930169	0.01161344471646867417766830120043742735723674786011232968501070110995283745506706
-0.97484632859015350764088554094638864259197535876607351599155357952136154185220979	0.01815657770961323689887612575478220226291233903979712242503785378863929758236299
-0.95346633093352959567054215311744121738577897072292870974403278599865996854521845	0.02457973973823237589520120544670628744595916222720204669603507633942321749042433
-0.92574133204858439682510956221305091148091787648110552072113666084360603847220409	0.03083950054517505465873108631330868892041189549719851884752109831461726294421069
-0.89185573900463221679493703197391751157989905323451536096208890105840177733193084	0.03689408159402473816494016233681495034735611724058348996596961210968987448717113
-0.85203502193236218885964971124727628044038503732763096888155711243838040833922549	0.04270315850467443423587843435880770867841748456815214424375531708254665052093715
-0.80654416760531681555156537597969832573177298132931962120550838811954502177878150	0.04822806186075868337435217991142022418936100278527613228996817107144976101721071
-0.75568590375397068073773809677938741350383757074670392730168635916117740854364860	0.05343201991033231997375699063124875607691531033875608561570336243418608908094334
-0.69979868037918435591282584062741587563820701530059043773071895245523690120179309	0.05828039914699720602230586825814005591512770215855598650196942014192493100923431
-0.63925441582968170718034486950026027170117039540966142889623559323424440663122829	0.06274093339213305405296967152513706432090388899690875834113004503362330436052689
-0.57445602104780708113292750092447251021019959785379876460707767610621709170735563	0.06678393797914041193504615152901925995595215603527924173047658748758730448954407
-0.50583471792793110324053371646765200279384655063718764501622005899210662799691082	0.07038250706689895473928296759365884083926170176246120645937901625116529487715929
-0.43384716943237648437325616251784220400592380040683912370241895496554475017564433	0.07351269258474345714520644484833647857663719509243175535650230474100372357648414
-0.35897244047943501325671762145653429179606294921136807378820965052268563729501148	0.07615366354844639606599354110447252799634521883255451879248372140752606272322478
-0.28170880979016526136011407141870007676967050878361133180017628607438288479674163	0.07828784465821094807537540333573626256490374485784182557475124683143959563637002
-0.20257045389211670320397778151460705737165508575370351724766672234903390367216212	0.07990103324352782158602768392518569655030123958968157898060370265306478980280635
-0.12208402533786741986961238132940711656811814149930000880377455109963711519887042	0.08098249377059710062326946994905814193651516978408875414156602856749564762156958
-0.04078514790457823991331643232978492078477364268365481169359747782593999675006902	0.08152502928038578669921876988583005560164265147049679843810259698106137404552601
0.04078514790457823991331643232978492078477364268365481169359747782593999675006902	0.08152502928038578669921876988583005560164265147049679843810259698106137404552601
0.12208402533786741986961238132940711656811814149930000880377455109963711519887042	0.08098249377059710062326946994905814193651516978408875414156602856749564762156958
0.20257045389211670320397778151460705737165508575370351724766672234903390367216212	0.07990103324352782158602768392518569655030123958968157898060370265306478980280635
0.28170880979016526136011407141870007676967050878361133180017628607438288479674163	0.07828784465821094807537540333573626256490374485784182557475124683143959563637002
0.35897244047943501325671762145653429179606294921136807378820965052268563729501148	0.07615366354844639606599354110447252799634521883255451879248372140752606272322478
0.43384716943237648437325616251784220400592380040683912370241895496554475017564433	0.07351269258474345714520644484833647857663719509243175535650230474100372357648414
0.50583471792793110324053371646765200279384655063718764501622005899210662799691082	0.07038250706689895473928296759365884083926170176246120645937901625116529487715929
0.57445602104780708113292750092447251021019959785379876460707767610621709170735563	0.06678393797914041193504615152901925995595215603527924173047658748758730448954407
0.63925441582968170718034486950026027170117039540966142889623559323424440663122829	0.06274093339213305405296967152513706432090388899690875834113004503362330436052689
0.69979868037918435591282584062741587563820701530059043773071895245523690120179309	0.05828039914699720602230586825814005591512770215855598650196942014192493100923431
0.75568590375397068073773809677938741350383757074670392730168635916117740854364860	0.05343201991033231997375699063124875607691531033875608561570336243418608908094334
0.80654416760531681555156537597969832573177298132931962120550838811954502177878150	0.04822806186075868337435217991142022418936100278527613228996817107144976101721071
0.85203502193236218885964971124727628044038503732763096888155711243838040833922549	0.04270315850467443423587843435880770867841748456815214424375531708254665052093715
0.89185573900463221679493703197391751157989905323451536096208890105840177733193084	0.03689408159402473816494016233681495034735611724058348996596961210968987448717113
0.92574133204858439682510956221305091148091787648110552072113666084360603847220409	0.03083950054517505465873108631330868892041189549719851884752109831461726294421069
0.95346633093352959567054215311744121738577897072292870974403278599865996854521845	0.02457973973823237589520120544670628744595916222720204669603507633942321749042433
0.97484632859015350764088554094638864259197535876607351599155357952136154185220979	0.01815657770961323689887612575478220226291233903979712242503785378863929758236299
0.98973945426638557194442589110567934732438124690802220638383149907385889564930169	0.01161344471646867417766830120043742735723674786011232968501070110995283745506706
0.99804993053568761981284707655158099749046537027458809016074439401393485955151667	0.00500288074963934567589954209189937046383927186262170591403413765360298127922716

