40
-0.99823770971055920034962270242058649233577038159504590660333611709683886301972781	0.00452127709853319125847173287818533272783111019970599070034194234266394700194823
-0.99072623869945700645305435222137215496222208135108653788307624430407890323854460	0.01049828453115281361474217106727965237679262131579677971567512361162529889691083
-0.97725994998377426266337028371290380697866793203798609642926201601106321444421446	0.01642105838190788871286348488236392729234229334695776197190391551359043930121027
-0.95791681921379165580454099945275928509488349060274703156905384358175835562348373	0.02224584919416695726150432418420857320703319667935442788073424000569131152015797
-0.93281280827867653336085216684520571643475357528269244922934301541564052392334623	0.02793700698002340109848915750772107730255086205076639844808591645037489948169094
-0.90209880696887429672825333086849310358448808105766946772526011154037018140098471	0.03346019528254784739267818308641084897724178665376435041319117669905239977126515
-0.86595950321225950382078180835461996357054655301110164945994025480668207884708256	0.03878216797447201763997203129044616225345921123202585783726688891953873014369075
-0.82461223083331166319632023066609877390724038424298779969179096315280717184269572	0.04387090818567327199167468604171549581100683717023688975852590864980178580591792
-0.77830565142651938769497154550649484802069131612689179424534206062931194191618057	0.04869580763507223206143416044814638806784302737711977514064605127517842841748088
-0.72731825518992710328099645175493054855737867353332813754755124418592911464608847	0.05322784698393682435499647977226050455532117182200645076436088052652081502187107
-0.67195668461417954837935451496149410997032598138385115007109296898666247595661977	0.05743976909939155136661773091042598560010483585445362650668126692554836171139002
-0.61255388966798023795261245023069487738012378168314961113534756253019097242443824	0.06130624249292893916653799640839859590259376351117432198689763868686815582311746
-0.54946712509512820207593130552951797023397510159565146490256547172185574511348359	0.06480401345660103807455452956675273003269296420848890636319524427128397292568563
-0.48307580168617871290856657424482300459902239553311410078933524322594344274190686	0.06791204581523390382569010823192398598419723837928595471789620359304078162687937
-0.41377920437160500152487974580371368297409962405291823829440225106864266360922073	0.07061164739128677969548363085528683235955910399558609731068426896266369731194848
-0.34199409082575847300749248117919431006695362002732579646340958409814370894212088	0.07288658239580405906051068344251783585755908098579863047625481683299055573074340
-0.26815218500725368114118434480859618342480437323624698145725997487382119319373422	0.07472316905796826420018933626132467319120293442035982173134089141765340303272356
-0.19269758070137109971551685206514989481409202110520887488546759223650272166364341	0.07611036190062624237155807592249482301255955384507110705418245902929924063583258
-0.11608407067525520848345128440802411376872853085421594903029743216157916394786717	0.07703981816424796558830753428381024852443975416394041548918089243254164309046444
-0.03877241750605082193319344402462329467936463438314159916863718143800657500092076	0.07750594797842481126372396295832632696366865278810643573295427385407213274907105
0.03877241750605082193319344402462329467936463438314159916863718143800657500092076	0.07750594797842481126372396295832632696366865278810643573295427385407213274907105
0.11608407067525520848345128440802411376872853085421594903029743216157916394786717	0.07703981816424796558830753428381024852443975416394041548918089243254164309046444
0.19269758070137109971551685206514989481409202110520887488546759223650272166364341	0.07611036190062624237155807592249482301255955384507110705418245902929924063583258
0.26815218500725368114118434480859618342480437323624698145725997487382119319373422	0.07472316905796826420018933626132467319120293442035982173134089141765340303272356
0.34199409082575847300749248117919431006695362002732579646340958409814370894212088	0.07288658239580405906051068344251783585755908098579863047625481683299055573074340
0.41377920437160500152487974580371368297409962405291823829440225106864266360922073	0.07061164739128677969548363085528683235955910399558609731068426896266369731194848
0.48307580168617871290856657424482300459902239553311410078933524322594344274190686	0.06791204581523390382569010823192398598419723837928595471789620359304078162687937
0.54946712509512820207593130552951797023397510159565146490256547172185574511348359	0.06480401345660103807455452956675273003269296420848890636319524427128397292568563
0.61255388966798023795261245023069487738012378168314961113534756253019097242443824	0.06130624249292893916653799640839859590259376351117432198689763868686815582311746
0.67195668461417954837935451496149410997032598138385115007109296898666247595661977	0.05743976909939155136661773091042598560010483585445362650668126692554836171139002
0.72731825518992710328099645175493054855737867353332813754755124418592911464608847	0.05322784698393682435499647977226050455532117182200645076436088052652081502187107
0.77830565142651938769497154550649484802069131612689179424534206062931194191618057	0.04869580763507223206143416044814638806784302737711977514064605127517842841748088
0.82461223083331166319632023066609877390724038424298779969179096315280717184269572	0.04387090818567327199167468604171549581100683717023688975852590864980178580591792
0.86595950321225950382078180835461996357054655301110164945994025480668207884708256	0.03878216797447201763997203129044616225345921123202585783726688891953873014369075
0.90209880696887429672825333086849310358448808105766946772526011154037018140098471	0.03346019528254784739267818308641084897724178665376435041319117669905239977126515
0.93281280827867653336085216684520571643475357528269244922934301541564052392334623	0.02793700698002340109848915750772107730255086205076639844808591645037489948169094
0.95791681921379165580454099945275928509488349060274703156905384358175835562348373	0.02224584919416695726150432418420857320703319667935442788073424000569131152015797
0.97725994998377426266337028371290380697866793203798609642926201601106321444421446	0.01642105838190788871286348488236392729234229334695776197190391551359043930121027
0.99072623869945700645305435222137215496222208135108653788307624430407890323854460	0.01049828453115281361474217106727965237679262131579677971567512361162529889691083
0.99823770971055920034962270242058649233577038159504590660333611709683886301972781	0.00452127709853319125847173287818533272783111019970599070034194234266394700194823

