42
-0.99839961899006241502286812684705027617787608352278125176485550254510168804585364	0.00410599860464908461060277949683596265701677337480229035785212704283914877767314
-0.99157728834086091979236125328086883345269326473710401757687904813164473149605570	0.00953622030174850241182010029269799818868479873501257251186520364280318993071897
-0.97934250806374819370898256654285609558647498012906292861550926997550439238282631	0.01492244369735749414467767810586576762009274749010789659465733447011190172643220
-0.96175936533820448874692715785332268117172128891403199897862970601663056316358404	0.02022786956905264475705571907935418508267142655242209621165358092674143865122543
-0.93892355735498817853317343362559197025138781845017187084180344942000909226209626	0.02542295952611304788674244290943086438613541037397895486118189690745359530591748
-0.91095972490412745258384787920850654231890035133945560387844813369315012265686214	0.03047924069960346836290473352339239779176965424440089482364391641498458931870623
-0.87802056981217274271198510347862353406281971624391859875586127032350419675320642	0.03536907109759211083266218112650754190574852178064145007283220372013970360418126
-0.84028598326181690092543999508609981782339857519356835680510727772958176039120173	0.04006573518069226176059612483003693455373370186574561509922719978202688962581325
-0.79796205325548741323270595254637666013237551129065413405809993851641496114218337	0.04454357777196587787431636598523424131859546603712758124526016367570477567459432
-0.75127993568948048956847217591465865550256451982954092485393123073617912874256130	0.04877814079280324502744936312840272392111769693422690303101223652526448314658835
-0.70049459055617121374156992905546553430017594180009318112756928038264572618529679	0.05274629569917407034394253904409747703156598782718611962174047259984234348986160
-0.64588338886924783395749630371841170116908654384014386468472621835418653748299305	0.05642636935801838164642685513969568939887315857628850742288088345478245888104697
-0.58774459748510932284071134547399571990543130482800164589825627022186978576429852	0.05979826222758665431283154575353485150985341869594390945323300836553633670583601
-0.52639574993119228759286755879190146143573976492990992892843235117865284233086608	0.06284355804500257640931825132377988915279704392188973871878697143795194736776039
-0.46217191207042192975907502993063598510966490847360863109283036213975413863229897	0.06554562436490897892700510785179442560978229408579308233164828946689449302489071
-0.39542385204297505767709395459437198079917857648635348826197551043823347521768175	0.06788970337652194485536340221376630726613473465859319786989871232618132165894450
-0.32651612446541151219715658937546566905841147049858452393819663381343621393320002	0.06986299249259415976615478638148220444392731304743209370753105712777817888568027
-0.25582507934287908396641479101870844876876645646540095466069816670764797549059404	0.07145471426517098292181044411746215502258986387750371863264046414803709912810110
-0.18373680656485455085275563938074294093332396162251510035441157135321197371152059	0.07265617524380410488790576149253303127678368396842722999573047387551125159709838
-0.11064502720851986834912254500264100486734402448363080740347614488006330883287083	0.07346081345346752826402825705430393873365578345040523936275210130068436304528173
-0.03694894316535177581309598003755942664170845224922253134964501060652417069608386	0.07386423423217287999638556114979141312847052050207090807397170278873049045364770
0.03694894316535177581309598003755942664170845224922253134964501060652417069608386	0.07386423423217287999638556114979141312847052050207090807397170278873049045364770
0.11064502720851986834912254500264100486734402448363080740347614488006330883287083	0.07346081345346752826402825705430393873365578345040523936275210130068436304528173
0.18373680656485455085275563938074294093332396162251510035441157135321197371152059	0.07265617524380410488790576149253303127678368396842722999573047387551125159709838
0.25582507934287908396641479101870844876876645646540095466069816670764797549059404	0.07145471426517098292181044411746215502258986387750371863264046414803709912810110
0.32651612446541151219715658937546566905841147049858452393819663381343621393320002	0.06986299249259415976615478638148220444392731304743209370753105712777817888568027
0.39542385204297505767709395459437198079917857648635348826197551043823347521768175	0.06788970337652194485536340221376630726613473465859319786989871232618132165894450
0.46217191207042192975907502993063598510966490847360863109283036213975413863229897	0.06554562436490897892700510785179442560978229408579308233164828946689449302489071
0.52639574993119228759286755879190146143573976492990992892843235117865284233086608	0.06284355804500257640931825132377988915279704392188973871878697143795194736776039
0.58774459748510932284071134547399571990543130482800164589825627022186978576429852	0.05979826222758665431283154575353485150985341869594390945323300836553633670583601
0.64588338886924783395749630371841170116908654384014386468472621835418653748299305	0.05642636935801838164642685513969568939887315857628850742288088345478245888104697
0.70049459055617121374156992905546553430017594180009318112756928038264572618529679	0.05274629569917407034394253904409747703156598782718611962174047259984234348986160
0.75127993568948048956847217591465865550256451982954092485393123073617912874256130	0.04877814079280324502744936312840272392111769693422690303101223652526448314658835
0.79796205325548741323270595254637666013237551129065413405809993851641496114218337	0.04454357777196587787431636598523424131859546603712758124526016367570477567459432
0.84028598326181690092543999508609981782339857519356835680510727772958176039120173	0.04006573518069226176059612483003693455373370186574561509922719978202688962581325
0.87802056981217274271198510347862353406281971624391859875586127032350419675320642	0.03536907109759211083266218112650754190574852178064145007283220372013970360418126
0.91095972490412745258384787920850654231890035133945560387844813369315012265686214	0.03047924069960346836290473352339239779176965424440089482364391641498458931870623
0.93892355735498817853317343362559197025138781845017187084180344942000909226209626	0.02542295952611304788674244290943086438613541037397895486118189690745359530591748
0.96175936533820448874692715785332268117172128891403199897862970601663056316358404	0.02022786956905264475705571907935418508267142655242209621165358092674143865122543
0.97934250806374819370898256654285609558647498012906292861550926997550439238282631	0.01492244369735749414467767810586576762009274749010789659465733447011190172643220
0.99157728834086091979236125328086883345269326473710401757687904813164473149605570	0.00953622030174850241182010029269799818868479873501257251186520364280318993071897
0.99839961899006241502286812684705027617787608352278125176485550254510168804585364	0.00410599860464908461060277949683596265701677337480229035785212704283914877767314

