43
-0.99847233224250771351763618731839241196205071784760914329308343678338032903054687	0.00391949025384412728296716519257643543366036457269087234434274321329924353276236
-0.99195955759324414642071834132961801638705322595895272821468220018605638044281632	0.00910399663740140331886860829589672381301797555982670407706283368224965967872764
-0.98027822098025533150552938218113639018086759651957348417248932791119963193756067	0.01424875643157648610854160172200419357207399314416233527423287907996924202123832
-0.96348661301407999341019496357424393986761891227871254633533837760719032557504804	0.01931990142368390039612461089207135231702355908825696855523372443515823900591944
-0.94167195684763786181847739039793827146647608981382775781879496341258438566683182	0.02429045661383881590201832425424924845523703933581213749868522167959554157732406
-0.91494790720613872945610287079928561674578010310842305699980049137411922961917255	0.02913441326149849491594042482578119378755056984019203195997054141962822938448265
-0.88345376521861686333767801164216741786216669424245159853029774638990485695406069	0.03382649208686029234496847575380209105330161064713236692120216893114583108052838
-0.84735371620931504899908608582179251751259654747723988373417318954255611247207657	0.03834222219413265757212842466284911488007256286839717552085984890685831748390699
-0.80683596413693863527907474087751212606088624348175259663307053216470436554176959	0.04265805719798208376380720533851389410494709123676725067333932903369500807042959
-0.76211174719495512146032846302904618780759525868595775625125375455635848771573564	0.04675149475434658001064676633710293393286309593566385684419173805218697067469417
-0.71341423526895705485192087799090410264252916711363611639604966302635879620712909	0.05060119278439015652385039895301474574989800909801219097384428437740183069114476
-0.66099731375149813316513476374134539411315681253421329349475931924539702342738036	0.05418708031888178686337317832626541358839055267071128470353816551726489853492112
-0.60513425963960093572508307112395522143836980789452728929679328226778761633201397	0.05749046195691051942760891684441651192786886819456543268923113959603172126812052
-0.54611631666008471914040504717966083665485422412475580262460279172606607438583123	0.06049411524999129451967874199136279335850887987042858743121812453829041799944737
-0.48425117678573472406963343474851377799357708187172329632200571815533072687561096	0.06318238044939611232562981777340826425669623463946884668037323809631300311378329
-0.41986137602926925248727939456056802607498890771457094808735294343140156225069189	0.06554124212632279749123376424920783022496253377845482632252950681319923766524622
-0.35328261286430380664547636414346787178044503014256554223927414565852913425823887	0.06755840222936516919240790475626559214294629258572960827354579253449866800247595
-0.28486199803291362710572289483833793178587981775426116955275308523350302878223319	0.06922334419365668428229947912263514780930498957092782381957157848661868726342082
-0.21495624486051820901487838147367495373722428638545304444245128162805361851176465	0.07052738776508502812628635547794074318373616678496415006778588216945921448629523
-0.14392980951071331077029993761074468868278888347134264823300773825365490399804926	0.07146373425251414129758111770291024858090001936779567323931861212031975305055411
-0.07215299087458623542232725095556109485765527666061430552447044315502568722845323	0.07202750197142197434530755167085708775350424594741470164484497387259598723036706
0.00000000000000000000000000000000000000000000000000000000000000000000000000000000	0.07221575169379898797746233171373688014707069052525034897015534688844059636841988
0.07215299087458623542232725095556109485765527666061430552447044315502568722845323	0.07202750197142197434530755167085708775350424594741470164484497387259598723036706
0.14392980951071331077029993761074468868278888347134264823300773825365490399804926	0.07146373425251414129758111770291024858090001936779567323931861212031975305055411
0.21495624486051820901487838147367495373722428638545304444245128162805361851176465	0.07052738776508502812628635547794074318373616678496415006778588216945921448629523
0.28486199803291362710572289483833793178587981775426116955275308523350302878223319	0.06922334419365668428229947912263514780930498957092782381957157848661868726342082
0.35328261286430380664547636414346787178044503014256554223927414565852913425823887	0.06755840222936516919240790475626559214294629258572960827354579253449866800247595
0.41986137602926925248727939456056802607498890771457094808735294343140156225069189	0.06554124212632279749123376424920783022496253377845482632252950681319923766524622
0.48425117678573472406963343474851377799357708187172329632200571815533072687561096	0.06318238044939611232562981777340826425669623463946884668037323809631300311378329
0.54611631666008471914040504717966083665485422412475580262460279172606607438583123	0.06049411524999129451967874199136279335850887987042858743121812453829041799944737
0.60513425963960093572508307112395522143836980789452728929679328226778761633201397	0.05749046195691051942760891684441651192786886819456543268923113959603172126812052
0.66099731375149813316513476374134539411315681253421329349475931924539702342738036	0.05418708031888178686337317832626541358839055267071128470353816551726489853492112
0.71341423526895705485192087799090410264252916711363611639604966302635879620712909	0.05060119278439015652385039895301474574989800909801219097384428437740183069114476
0.76211174719495512146032846302904618780759525868595775625125375455635848771573564	0.04675149475434658001064676633710293393286309593566385684419173805218697067469417
0.80683596413693863527907474087751212606088624348175259663307053216470436554176959	0.04265805719798208376380720533851389410494709123676725067333932903369500807042959
0.84735371620931504899908608582179251751259654747723988373417318954255611247207657	0.03834222219413265757212842466284911488007256286839717552085984890685831748390699
0.88345376521861686333767801164216741786216669424245159853029774638990485695406069	0.03382649208686029234496847575380209105330161064713236692120216893114583108052838
0.91494790720613872945610287079928561674578010310842305699980049137411922961917255	0.02913441326149849491594042482578119378755056984019203195997054141962822938448265
0.94167195684763786181847739039793827146647608981382775781879496341258438566683182	0.02429045661383881590201832425424924845523703933581213749868522167959554157732406
0.96348661301407999341019496357424393986761891227871254633533837760719032557504804	0.01931990142368390039612461089207135231702355908825696855523372443515823900591944
0.98027822098025533150552938218113639018086759651957348417248932791119963193756067	0.01424875643157648610854160172200419357207399314416233527423287907996924202123832
0.99195955759324414642071834132961801638705322595895272821468220018605638044281632	0.00910399663740140331886860829589672381301797555982670407706283368224965967872764
0.99847233224250771351763618731839241196205071784760914329308343678338032903054687	0.00391949025384412728296716519257643543366036457269087234434274321329924353276236

