44
-0.99854020063677422493605672060665034905603003317541459799884816568241354830726476	0.00374540480311277751517377883176153847769791634328217316659363939763619238287887
-0.99231639213851580848333800361353856881189778435221007745825647573239822346480158	0.00870048136752484412256562342431314020846842115836189609337444898274292591678976
-0.98115183307791396666274900535048782880567555553965773952915523381741692836797973	0.01361958675557998552020506639006137887326671975487072331107636510578369852686415
-0.96509965042249313939439805058023497471687713858988509277535163451716676795739613	0.01847148173681474917204222374339984411552073831390187733490476456489098927034703
-0.94423950911819409920325465302698925107245493475992297534389329674063997551501657	0.02323148190201921062895826293873141748822190203565799718221613623938914364440103
-0.91867525998417577432300108669425204893798526304505300597341221431601373534871960	0.02787578282128101008111429177938706432205883989299034864474913459283562682138154
-0.88853423828604320233836791019032232475833245820942590006778968355953305027621203	0.03238122281206982088084693954011160114694805178002942050692477366761675218592180
-0.85396659500471037872830224129268389036116906202906844974800624640506368807516040	0.03672534781380887364290929234870179971070878799974687289110922507468070522956109
-0.81514453964513501048743763575194055029940057450859424356879422167552265411235372	0.04088651231034621890844716928306848685407928902670259604243284296206535427548645
-0.77226147924875589901775854923198801372809643956544710976307387942754814452639432	0.04484398408197003144624318640305110718096302165573399969031007896976075249792541
-0.72553105366071700260696493671995361101246580020809525993302287893869785089029079	0.04857804644835203752763943669129273761505139910682467592574384978788409247481343
-0.67518607066612236533369903856389992332825540112377087530227717318290559584540066	0.05207009609170446188123180299319875105626417474111692655863906810455175374885948
-0.62147734590357584780242469912176674714440588001716355915647232282111745709552058	0.05530273556372805254874663264315299147153484641761776010149357199983232924291065
-0.56467245318547076842463681938207521949074547960426611523556812366792569002863784	0.05825985987759549533421068984427716800475616910335356735469657387338028808106428
-0.50505439138820231798279835229117723861207329550534861327376929657740430738341584	0.06092673670156196803855783687437410067257248948165011222929579423587486068909278
-0.44292017452541148383482659364731354953847846030811794924025392402827487287839533	0.06329007973320385495013887101971493063802428824409418544374398504192041466275408
-0.37857935201470713251176467277219785674282084849567037328983819758898319957410430	0.06533811487918143498424089484562218949601080112967692858353400960418481630736775
-0.31235246650278581223654516357297853551926362175328863642636121991506617889089549	0.06706063890629365239570491935171935078071301307276156795675110186196902599378927
-0.24456945692820125150730243474051862053048725928004960367008981648345377917384737	0.06844907026936666098545866070434987244515554363590004089829438754294689152932753
-0.17556801477551678574650774938097659064737450672451331540702457232926460079035403	0.06949649186157257803708409092501125678209347538117422736004197705577860774588131
-0.10569190170865324711730584891512175238338599885959761378240149643180111285464859	0.07019768547355821258714204194439938766882668621562845793333283870825390357262540
-0.03528923696413535905819670463141635588500219758952707677713880500267082931292043	0.07054915778935406881133828748029988499106342550892364479074143262602087519995691
0.03528923696413535905819670463141635588500219758952707677713880500267082931292043	0.07054915778935406881133828748029988499106342550892364479074143262602087519995691
0.10569190170865324711730584891512175238338599885959761378240149643180111285464859	0.07019768547355821258714204194439938766882668621562845793333283870825390357262540
0.17556801477551678574650774938097659064737450672451331540702457232926460079035403	0.06949649186157257803708409092501125678209347538117422736004197705577860774588131
0.24456945692820125150730243474051862053048725928004960367008981648345377917384737	0.06844907026936666098545866070434987244515554363590004089829438754294689152932753
0.31235246650278581223654516357297853551926362175328863642636121991506617889089549	0.06706063890629365239570491935171935078071301307276156795675110186196902599378927
0.37857935201470713251176467277219785674282084849567037328983819758898319957410430	0.06533811487918143498424089484562218949601080112967692858353400960418481630736775
0.44292017452541148383482659364731354953847846030811794924025392402827487287839533	0.06329007973320385495013887101971493063802428824409418544374398504192041466275408
0.50505439138820231798279835229117723861207329550534861327376929657740430738341584	0.06092673670156196803855783687437410067257248948165011222929579423587486068909278
0.56467245318547076842463681938207521949074547960426611523556812366792569002863784	0.05825985987759549533421068984427716800475616910335356735469657387338028808106428
0.62147734590357584780242469912176674714440588001716355915647232282111745709552058	0.05530273556372805254874663264315299147153484641761776010149357199983232924291065
0.67518607066612236533369903856389992332825540112377087530227717318290559584540066	0.05207009609170446188123180299319875105626417474111692655863906810455175374885948
0.72553105366071700260696493671995361101246580020809525993302287893869785089029079	0.04857804644835203752763943669129273761505139910682467592574384978788409247481343
0.77226147924875589901775854923198801372809643956544710976307387942754814452639432	0.04484398408197003144624318640305110718096302165573399969031007896976075249792541
0.81514453964513501048743763575194055029940057450859424356879422167552265411235372	0.04088651231034621890844716928306848685407928902670259604243284296206535427548645
0.85396659500471037872830224129268389036116906202906844974800624640506368807516040	0.03672534781380887364290929234870179971070878799974687289110922507468070522956109
0.88853423828604320233836791019032232475833245820942590006778968355953305027621203	0.03238122281206982088084693954011160114694805178002942050692477366761675218592180
0.91867525998417577432300108669425204893798526304505300597341221431601373534871960	0.02787578282128101008111429177938706432205883989299034864474913459283562682138154
0.94423950911819409920325465302698925107245493475992297534389329674063997551501657	0.02323148190201921062895826293873141748822190203565799718221613623938914364440103
0.96509965042249313939439805058023497471687713858988509277535163451716676795739613	0.01847148173681474917204222374339984411552073831390187733490476456489098927034703
0.98115183307791396666274900535048782880567555553965773952915523381741692836797973	0.01361958675557998552020506639006137887326671975487072331107636510578369852686415
0.99231639213851580848333800361353856881189778435221007745825647573239822346480158	0.00870048136752484412256562342431314020846842115836189609337444898274292591678976
0.99854020063677422493605672060665034905603003317541459799884816568241354830726476	0.00374540480311277751517377883176153847769791634328217316659363939763619238287887

