45
-0.99860364518193663815654767690082054809228852721447541688895639813678472114858156	0.00358266315528355893114302865935139257058563635818394461404381297033728245838703
-0.99264999844720374174861712059773534497500164330363935061698792830082419709994246	0.00832318929621824164573585312223385375615793129294822189495647921585574440732428
-0.98196871503454056823931847363434148153836524922046180798689215000297248360936428	0.01303110499158278432063108246968692602714117158263899114091066650151719357560172
-0.96660831039689460473642516089247809711667903060941541386797488517235618438358782	0.01767753525793759061709254666957708852065127812646578801736417339579141934494100
-0.94664169099562906178472059695383707845046834416713505079785560311373070292287505	0.02223984755057873239395075855216899334487570870129997071960988624487377466409467
-0.92216393671900038809746736096052731926536287725066116835082658949266016612897661	0.02669621396757766480567477879310752778782491056589152356853644981431206617857426
-0.89329167175324173846464905149305734636540124041379268616271110945467320262041152	0.03102537493451546716250793889376806388592115212397480044185417175054066043384402
-0.86016247596066422533907887056713438778341442357702210107859349253890176010893995	0.03520669220160901624769979826157509081008807471271464134077435327527104271443872
-0.82293422050208633703577526002650202999341525805627043354404173117169482590736990	0.03922023672930244756418718534392933821813012459630666980722787151688067887684742
-0.78178431259390629131236318809860281766027351683906152303928839827665343874291794	0.04304688070916497115169111308116694178831923616319132015431680713677642391958097
-0.73690884894549035262373884859489201987960568083761708092734339893476057296599463	0.04666838771837336526776847574165410120498614148785358251276678547986295747154310
-0.68852168077120052523201982588043823595523300561852778072094711167345703929078240	0.05006749923795202979913210247487431739149869293514643723048218857431636066143012
-0.63685339445322335927122384590338315069203124346567644054284862876198285675321349	0.05322801673126895194590404401931040379848221694017551596604825362168980249412852
-0.58215021256935318668096733444417713100008882598322714602358602776591445693946537	0.05613487875978647664392394037486976324148018494616301580044509125307115901836283
-0.52467282046291606709113410046016240260710827080028258689085546576831745642810140	0.05877423271884173857436151763183142253126572546098020811657592611954254351967230
-0.46469512391963509857960150230974851083981266723719088284724638002550643683461057	0.06113350083106652250188637053632557326012423426524212007350864262577336320400173
-0.40250294385854191407797450854834645597029935756939643883585768013407519505110448	0.06320144007381993774996373029066688186630023727582281702085863359414505267306356
-0.33839265425060216164340410003187298953234144313742269794759298348773544897941409	0.06496819575072343085382657035907569508384972548758327305202375499135274784323482
-0.27266976975237756060876539161564518189821175427664206012150716917639794287100358	0.06642534844984252808291471563910373761317454675067481595603892552331090241939718
-0.20564748978326374571978722547154393070323638569942983104123381367910745554804376	0.06756595416360753627091022387364863097947258092394646199345358731424360138381232
-0.13764520598325302875659004142306555310676555654152505961789002992717675721193975	0.06838457737866967453169209933431609707348491305464494638088944561495320849151376
-0.06898698016314417249041461410381172969392066693096968266540925528852889248976450	0.06887731697766132288200284829805578888452413011064854515874106838508300324144988
0.00000000000000000000000000000000000000000000000000000000000000000000000000000000	0.06904182482923202011079855515940474072332289227500477807714605016099802200951155
0.06898698016314417249041461410381172969392066693096968266540925528852889248976450	0.06887731697766132288200284829805578888452413011064854515874106838508300324144988
0.13764520598325302875659004142306555310676555654152505961789002992717675721193975	0.06838457737866967453169209933431609707348491305464494638088944561495320849151376
0.20564748978326374571978722547154393070323638569942983104123381367910745554804376	0.06756595416360753627091022387364863097947258092394646199345358731424360138381232
0.27266976975237756060876539161564518189821175427664206012150716917639794287100358	0.06642534844984252808291471563910373761317454675067481595603892552331090241939718
0.33839265425060216164340410003187298953234144313742269794759298348773544897941409	0.06496819575072343085382657035907569508384972548758327305202375499135274784323482
0.40250294385854191407797450854834645597029935756939643883585768013407519505110448	0.06320144007381993774996373029066688186630023727582281702085863359414505267306356
0.46469512391963509857960150230974851083981266723719088284724638002550643683461057	0.06113350083106652250188637053632557326012423426524212007350864262577336320400173
0.52467282046291606709113410046016240260710827080028258689085546576831745642810140	0.05877423271884173857436151763183142253126572546098020811657592611954254351967230
0.58215021256935318668096733444417713100008882598322714602358602776591445693946537	0.05613487875978647664392394037486976324148018494616301580044509125307115901836283
0.63685339445322335927122384590338315069203124346567644054284862876198285675321349	0.05322801673126895194590404401931040379848221694017551596604825362168980249412852
0.68852168077120052523201982588043823595523300561852778072094711167345703929078240	0.05006749923795202979913210247487431739149869293514643723048218857431636066143012
0.73690884894549035262373884859489201987960568083761708092734339893476057296599463	0.04666838771837336526776847574165410120498614148785358251276678547986295747154310
0.78178431259390629131236318809860281766027351683906152303928839827665343874291794	0.04304688070916497115169111308116694178831923616319132015431680713677642391958097
0.82293422050208633703577526002650202999341525805627043354404173117169482590736990	0.03922023672930244756418718534392933821813012459630666980722787151688067887684742
0.86016247596066422533907887056713438778341442357702210107859349253890176010893995	0.03520669220160901624769979826157509081008807471271464134077435327527104271443872
0.89329167175324173846464905149305734636540124041379268616271110945467320262041152	0.03102537493451546716250793889376806388592115212397480044185417175054066043384402
0.92216393671900038809746736096052731926536287725066116835082658949266016612897661	0.02669621396757766480567477879310752778782491056589152356853644981431206617857426
0.94664169099562906178472059695383707845046834416713505079785560311373070292287505	0.02223984755057873239395075855216899334487570870129997071960988624487377466409467
0.96660831039689460473642516089247809711667903060941541386797488517235618438358782	0.01767753525793759061709254666957708852065127812646578801736417339579141934494100
0.98196871503454056823931847363434148153836524922046180798689215000297248360936428	0.01303110499158278432063108246968692602714117158263899114091066650151719357560172
0.99264999844720374174861712059773534497500164330363935061698792830082419709994246	0.00832318929621824164573585312223385375615793129294822189495647921585574440732428
0.99860364518193663815654767690082054809228852721447541688895639813678472114858156	0.00358266315528355893114302865935139257058563635818394461404381297033728245838703

