46
-0.99866304213381798112826841739088877458415560743463172609110554500267765981146541	0.00343030086810704828601878314804340444117294580521133124432881643487594989255124
-0.99296234890617436407309544466619340912110283090838402519884761742266411253032550	0.00796989822972462245161303892632496542628877099259653938039749999797562812437063
-0.98273366980416686347797957965918872021956337029842880064581916682988874644380629	0.01247988377098868420673457175098337517752254738535089049100929689966282100549960
-0.96802139185399194273774806637181550852231182635363010071532017388889576766078851	0.01693351400783623804623071367176043133372644382569415108576281432292440102159856
-0.94889236344608979562221353943691413952577138329324533278109356594892332088908691	0.02130999875413650105447936107087840182884377652052401639497607872415278315640002
-0.92543379880675395097749135769912425888234375643895584760120362665384903067543541	0.02558928639713001063469951220034402810287956073861699395379774315363456662191429
-0.89775271153394196570131995131978128945462964530135108998141999815817093288524709	0.02975182955220275579905172923572293709302875381894886748899444344708494753737257
-0.86597539486685806291588877681659843868730474433790448403030130548263463974411813	0.03377862799910689652060389388114532872779948047520031100216741307296772802470197
-0.83024683706606605303238530479080611799580625397038060803024487939995120159579718	0.03765130535738607132766079922845911702695511945426067196254619570465669590648109
-0.79073005707527425518914414742030241114796951308471110986900787968474710013891232	0.04135219010967872970422017587023147842420622411377262615230355615738415369871554
-0.74760535961566605400033650526800286890572218000254649496931338717575366048164208	0.04486439527731812676709461356277485644228670051842517837723850911023576988052114
-0.70106951202040569751212208942650045024957598314993864646843729900930115561799676	0.04817189510171220053046886322322093668197549236746216916742177807882374283958415
-0.65133484620199771510647715581685936722760405731847593944921216035593463186255848	0.05125959800714302133536529937144803346418150162653053249563800282758402581945622
-0.59862828971271515317717253360016731014846633456462994782216839947628378754029831	0.05411341538585675449163764325922307525989746904113506623787225204015913242254537
-0.54319033026180263527096269102887683603397847038491608539084024130646786034332527	0.05672032584399123581687440360328671458642702260911475474112192488846713903107771
-0.48527391838816466277232019370845480831966755928303870354450244890485851878064591	0.05906843459554631480755072263690773709821694849223029677199640494868415360782294
-0.42514331328282839732214686342856741916933776910793469168205628329840028972377204	0.06114702772465048101535660790419103777278163285785360762773974364720188067859620
-0.36307287702099571012370697851465168984738884285764247149798374968446197858460603	0.06294662106439450817895195224711093123324616503178622087107980536943921650540845
-0.29934582270187001548343925657790392935609231755423834922366658784363328187394987	0.06445900346713906958827943910825506392379564504501849249747919895739187358096300
-0.23425292220626976862605611557379249257408882199049802562252863514570747365635813	0.06567727426778120737875756568555576762171613977381171548143142168437549788896277
-0.16809117946710352860679673742770212744748928183646939673198254433038119837339749	0.06659587476845488737576196642273370194436370880099210926975104209929120399027285
-0.10116247530558423951585965700864939088187136050149373961951596045442290057049807	0.06721061360067817586237415482709759617653968116564520215977612294592252524518430
-0.03377219001605204151955783189143976381591611599620192068210517772826250131991299	0.06751868584903645882021418916430108021214826953981825514516993548710416351999938
0.03377219001605204151955783189143976381591611599620192068210517772826250131991299	0.06751868584903645882021418916430108021214826953981825514516993548710416351999938
0.10116247530558423951585965700864939088187136050149373961951596045442290057049807	0.06721061360067817586237415482709759617653968116564520215977612294592252524518430
0.16809117946710352860679673742770212744748928183646939673198254433038119837339749	0.06659587476845488737576196642273370194436370880099210926975104209929120399027285
0.23425292220626976862605611557379249257408882199049802562252863514570747365635813	0.06567727426778120737875756568555576762171613977381171548143142168437549788896277
0.29934582270187001548343925657790392935609231755423834922366658784363328187394987	0.06445900346713906958827943910825506392379564504501849249747919895739187358096300
0.36307287702099571012370697851465168984738884285764247149798374968446197858460603	0.06294662106439450817895195224711093123324616503178622087107980536943921650540845
0.42514331328282839732214686342856741916933776910793469168205628329840028972377204	0.06114702772465048101535660790419103777278163285785360762773974364720188067859620
0.48527391838816466277232019370845480831966755928303870354450244890485851878064591	0.05906843459554631480755072263690773709821694849223029677199640494868415360782294
0.54319033026180263527096269102887683603397847038491608539084024130646786034332527	0.05672032584399123581687440360328671458642702260911475474112192488846713903107771
0.59862828971271515317717253360016731014846633456462994782216839947628378754029831	0.05411341538585675449163764325922307525989746904113506623787225204015913242254537
0.65133484620199771510647715581685936722760405731847593944921216035593463186255848	0.05125959800714302133536529937144803346418150162653053249563800282758402581945622
0.70106951202040569751212208942650045024957598314993864646843729900930115561799676	0.04817189510171220053046886322322093668197549236746216916742177807882374283958415
0.74760535961566605400033650526800286890572218000254649496931338717575366048164208	0.04486439527731812676709461356277485644228670051842517837723850911023576988052114
0.79073005707527425518914414742030241114796951308471110986900787968474710013891232	0.04135219010967872970422017587023147842420622411377262615230355615738415369871554
0.83024683706606605303238530479080611799580625397038060803024487939995120159579718	0.03765130535738607132766079922845911702695511945426067196254619570465669590648109
0.86597539486685806291588877681659843868730474433790448403030130548263463974411813	0.03377862799910689652060389388114532872779948047520031100216741307296772802470197
0.89775271153394196570131995131978128945462964530135108998141999815817093288524709	0.02975182955220275579905172923572293709302875381894886748899444344708494753737257
0.92543379880675395097749135769912425888234375643895584760120362665384903067543541	0.02558928639713001063469951220034402810287956073861699395379774315363456662191429
0.94889236344608979562221353943691413952577138329324533278109356594892332088908691	0.02130999875413650105447936107087840182884377652052401639497607872415278315640002
0.96802139185399194273774806637181550852231182635363010071532017388889576766078851	0.01693351400783623804623071367176043133372644382569415108576281432292440102159856
0.98273366980416686347797957965918872021956337029842880064581916682988874644380629	0.01247988377098868420673457175098337517752254738535089049100929689966282100549960
0.99296234890617436407309544466619340912110283090838402519884761742266411253032550	0.00796989822972462245161303892632496542628877099259653938039749999797562812437063
0.99866304213381798112826841739088877458415560743463172609110554500267765981146541	0.00343030086810704828601878314804340444117294580521133124432881643487594989255124

