47
-0.99871872858421210918394771478710849162709065123149080921596816254857876921982933	0.00328745384252801488324996420833617985136062240707094616069189449076317156932371
-0.99325521098776863469218968463246360814571208411063073453930968096452882318305810	0.00763861629584883361410435677113165550442058982256510535804317064617836532590171
-0.98345100307162370876490103403616985193165421910809377438025512180639463482352365	0.01196284846431232096394345484994851252339290836246802253233640356129954536666778
-0.96934678732656449714574427756027080533830294697950413648687850552327501340014089	0.01623533314643305967072568740789862101589291904397500672547888233888681346640893
-0.95100396925770844258980292385144242265360151538737902896871183470512442968839994	0.02043693814766842764203476068625538642723104902415690370321229082323509275724919
-0.92850269301236064819718492461132098137541878694303398972579294674466930197054908	0.02454921165965881853783415715250576713766315216483130989338686699617435727368681
-0.90194132943852535686717130197743563963863448643228478025959372055178984463775873	0.02855415070064338650473992462581108160687521783269186835774632624401929407084807
-0.87143601579689631694098546455560617105192652611577960926759529303147308238634773	0.03243423551518475676761746317417015869308868087328658991804612443930359154454689
-0.83712013989990212127759894856635236418186894946344259363611542180458186136428285	0.03617249658417495161345992976631124867344528220138057243663375572397796239805785
-0.79914375416774194291556206920359301204052085619873494319995073489970764198221022	0.03975258612253100378090138014196101659164946881568305925953844571623373392817119
-0.75767291844543863357399652356968220121341991043365343290431317936901626587170519	0.04315884864847953826830179344650313954771937778244714170333993345855227276674081
-0.71288897340906430166187932777101881170425024575591714308665542120126268180231008	0.04637638908650591120440184824274509254869604526289591051847374824003011916945515
-0.66498774739033272913670264857208906143051481453327092576017378147655576370655622	0.04939113774736116960457048586200492311999402379049431699982593392768123560041340
-0.61417869995637360859546254260425368624817994509020474970208722733890796803022386	0.05218991178005714487221194170967607772173497996203217667008315714483520228362804
-0.56068400593466419448305831741826879114352345459113743949822323534432675272646665	0.05476047278153022595712517688850480590379536634850721295827930604882258553828111
-0.50473758386357791977428902535130109027320311922460252932268272788996791410205206	0.05709158029323154022201660530838277291032942596524699678941695340613383802688265
-0.44658407310485570272518214234940795939341700519872109942992623149021448253983408	0.05917304094233887597615455638574129246383235149307405047070878600757854252973621
-0.38647776408466713958330238760602327020183760801483001493792485184565682186926707	0.06099575300873964533071057813343752118109320430201587679892184540974463313841740
-0.32468148633773590221076129917999683639962891600706232588210965677499731265264031	0.06255174622092166264056438144995353675341584345846042531837212695154760819533414
-0.26146545921497457030698296620517097423332273379687972532139888141187354270127601	0.06383421660571703063129377985581353348233634369068597255588050322806703335965168
-0.19710611027911180796149135837050461755486287042233966535428938111997185122919324	0.06483755623894572670260393911080601888499475260182831880342450596300124690954474
-0.13188486655451489705382353072412724136333515343848891295025522392877563940602466	0.06555737776654974025114300232607591228199989080873359789579123902971591570084660
-0.06608692391635567516047377747413370859227627393622040887227555558397271015967310	0.06599053358881047453357065533049825957735827762650299788915344028102367552834392
0.00000000000000000000000000000000000000000000000000000000000000000000000000000000	0.06613512962365547965344035433105497119536045271793124056642871984638832710372405
0.06608692391635567516047377747413370859227627393622040887227555558397271015967310	0.06599053358881047453357065533049825957735827762650299788915344028102367552834392
0.13188486655451489705382353072412724136333515343848891295025522392877563940602466	0.06555737776654974025114300232607591228199989080873359789579123902971591570084660
0.19710611027911180796149135837050461755486287042233966535428938111997185122919324	0.06483755623894572670260393911080601888499475260182831880342450596300124690954474
0.26146545921497457030698296620517097423332273379687972532139888141187354270127601	0.06383421660571703063129377985581353348233634369068597255588050322806703335965168
0.32468148633773590221076129917999683639962891600706232588210965677499731265264031	0.06255174622092166264056438144995353675341584345846042531837212695154760819533414
0.38647776408466713958330238760602327020183760801483001493792485184565682186926707	0.06099575300873964533071057813343752118109320430201587679892184540974463313841740
0.44658407310485570272518214234940795939341700519872109942992623149021448253983408	0.05917304094233887597615455638574129246383235149307405047070878600757854252973621
0.50473758386357791977428902535130109027320311922460252932268272788996791410205206	0.05709158029323154022201660530838277291032942596524699678941695340613383802688265
0.56068400593466419448305831741826879114352345459113743949822323534432675272646665	0.05476047278153022595712517688850480590379536634850721295827930604882258553828111
0.61417869995637360859546254260425368624817994509020474970208722733890796803022386	0.05218991178005714487221194170967607772173497996203217667008315714483520228362804
0.66498774739033272913670264857208906143051481453327092576017378147655576370655622	0.04939113774736116960457048586200492311999402379049431699982593392768123560041340
0.71288897340906430166187932777101881170425024575591714308665542120126268180231008	0.04637638908650591120440184824274509254869604526289591051847374824003011916945515
0.75767291844543863357399652356968220121341991043365343290431317936901626587170519	0.04315884864847953826830179344650313954771937778244714170333993345855227276674081
0.79914375416774194291556206920359301204052085619873494319995073489970764198221022	0.03975258612253100378090138014196101659164946881568305925953844571623373392817119
0.83712013989990212127759894856635236418186894946344259363611542180458186136428285	0.03617249658417495161345992976631124867344528220138057243663375572397796239805785
0.87143601579689631694098546455560617105192652611577960926759529303147308238634773	0.03243423551518475676761746317417015869308868087328658991804612443930359154454689
0.90194132943852535686717130197743563963863448643228478025959372055178984463775873	0.02855415070064338650473992462581108160687521783269186835774632624401929407084807
0.92850269301236064819718492461132098137541878694303398972579294674466930197054908	0.02454921165965881853783415715250576713766315216483130989338686699617435727368681
0.95100396925770844258980292385144242265360151538737902896871183470512442968839994	0.02043693814766842764203476068625538642723104902415690370321229082323509275724919
0.96934678732656449714574427756027080533830294697950413648687850552327501340014089	0.01623533314643305967072568740789862101589291904397500672547888233888681346640893
0.98345100307162370876490103403616985193165421910809377438025512180639463482352365	0.01196284846431232096394345484994851252339290836246802253233640356129954536666778
0.99325521098776863469218968463246360814571208411063073453930968096452882318305810	0.00763861629584883361410435677113165550442058982256510535804317064617836532590171
0.99871872858421210918394771478710849162709065123149080921596816254857876921982933	0.00328745384252801488324996420833617985136062240707094616069189449076317156932371

