48
-0.99877100725242611860054149156311364008893765027672103861294048137545884360749170	0.00315334605230583863267731154389148757828393883169362229520949325031958643831686
-0.99353017226635075754792875084907411835661474959467192961715183809875461820677718	0.00732755390127626210238397962178655005870790255920135327488182954880698007250283
-0.98412458372282685774458360002659883058923922341738472995765016798552977800098051	0.01147723457923453948959266760909162808642050630874764065376681674103503658508737
-0.97059159254624725046141198380066005730243391163088370602837235216532330912849175	0.01557931572294384872817695583446031397637626899155246951309343105269243335619995
-0.95298770316043086072296066602571834320854133182391873686394760349394587058533359	0.01961616045735552781446071965221270969581303773413223918112083050740924629812168
-0.93138669070655433311417438010160126771999708561895042987060486425307304221711170	0.02357076083932437914051930137844923022172973852218859873423906486456506379639131
-0.90587913671556967282207483567101178831226219982741084535248542547101682312099032	0.02742650970835694820007383626250582045118415516165097599728093749937650194102361
-0.87657202027424788590569355480509675456164853372996199274787575187467271014038967	0.03116722783279808890206575684635441945428534148356953550954371886143141262424305
-0.84358826162439353071108984451965604987088701173755240151491319989884105468985374	0.03477722256477043889254858596380241059728139690706809871800663617967672335903628
-0.80706620402944262708255304302453844597301302946041538657586294181218215400443065	0.03824135106583070631721725652371561786382396835498228892925819103405053922410947
-0.76715903251574033925385543752296905362264233084820737223512858866405083680786103	0.04154508294346474921405882236106479775347282603403806308273482122272582562965869
-0.72403413092381465467448223349366524658509281228072236272936630257335146062008972	0.04467456085669428041944858712585039498846278686250200843292144633919149051230220
-0.67787237963266390521185128067590905884995467902604861307104064297549464687981741	0.04761665849249047482590662347892983015799806674344968539676989627880988507905536
-0.62886739677651362399516493306999465202490899979016177098173299451953191397707304	0.05035903555385447495780761908786560603299409302590633069379205724693441466024815
-0.57722472608397270381780923854047877285399728614019552805239739942773699633436254	0.05289018948519366709550505626469891466172648563310918638649123384829276249063316
-0.52316097472223303367822586913750852628918762181188410758022954721941445474734784	0.05519950369998416286820349519163543900445092560756100054805625793058523675145775
-0.46690290475095840454492886165079850923681210425851694418186919513479439344260411	0.05727729210040321570515023468470057624152712300411207753884993747681745421856423
-0.40868648199071672991622549581463328645992284299488806477115098332562053848412911	0.05911483969839563574647481743351991065965560255705499855629113348583514270048071
-0.34875588629216073815981793727040791613430964996839257603212296778128159406867574	0.06070443916589388005296923202782047788526086425647775511151144466063789427975175
-0.28736248735545557673588646131679768785155830580103977890850003216899984426876260	0.06203942315989266390419778413759851830638339966509146156903781450273903590161660
-0.22476379039468906122486544017469227743856180404165480616474264104518194189751423	0.06311419228625402565712602275023331812741364337110079121114724790803811921086670
-0.16122235606889171805643739078349769477437437974189511770324263755651634209958183	0.06392423858464818662390620182551540891897408498264299989087420749955378258611219
-0.09700469920946269893005395585362452015273622930093698643058076594480403626262229	0.06446616443595008220650419365770506572569192445553030876055845653739235337295488
-0.03238017096286936203332224315213444204596280236151809242500322001737781920338243	0.06473769681268392250302493873659155355208191894663651001456309552308307891126521
0.03238017096286936203332224315213444204596280236151809242500322001737781920338243	0.06473769681268392250302493873659155355208191894663651001456309552308307891126521
0.09700469920946269893005395585362452015273622930093698643058076594480403626262229	0.06446616443595008220650419365770506572569192445553030876055845653739235337295488
0.16122235606889171805643739078349769477437437974189511770324263755651634209958183	0.06392423858464818662390620182551540891897408498264299989087420749955378258611219
0.22476379039468906122486544017469227743856180404165480616474264104518194189751423	0.06311419228625402565712602275023331812741364337110079121114724790803811921086670
0.28736248735545557673588646131679768785155830580103977890850003216899984426876260	0.06203942315989266390419778413759851830638339966509146156903781450273903590161660
0.34875588629216073815981793727040791613430964996839257603212296778128159406867574	0.06070443916589388005296923202782047788526086425647775511151144466063789427975175
0.40868648199071672991622549581463328645992284299488806477115098332562053848412911	0.05911483969839563574647481743351991065965560255705499855629113348583514270048071
0.46690290475095840454492886165079850923681210425851694418186919513479439344260411	0.05727729210040321570515023468470057624152712300411207753884993747681745421856423
0.52316097472223303367822586913750852628918762181188410758022954721941445474734784	0.05519950369998416286820349519163543900445092560756100054805625793058523675145775
0.57722472608397270381780923854047877285399728614019552805239739942773699633436254	0.05289018948519366709550505626469891466172648563310918638649123384829276249063316
0.62886739677651362399516493306999465202490899979016177098173299451953191397707304	0.05035903555385447495780761908786560603299409302590633069379205724693441466024815
0.67787237963266390521185128067590905884995467902604861307104064297549464687981741	0.04761665849249047482590662347892983015799806674344968539676989627880988507905536
0.72403413092381465467448223349366524658509281228072236272936630257335146062008972	0.04467456085669428041944858712585039498846278686250200843292144633919149051230220
0.76715903251574033925385543752296905362264233084820737223512858866405083680786103	0.04154508294346474921405882236106479775347282603403806308273482122272582562965869
0.80706620402944262708255304302453844597301302946041538657586294181218215400443065	0.03824135106583070631721725652371561786382396835498228892925819103405053922410947
0.84358826162439353071108984451965604987088701173755240151491319989884105468985374	0.03477722256477043889254858596380241059728139690706809871800663617967672335903628
0.87657202027424788590569355480509675456164853372996199274787575187467271014038967	0.03116722783279808890206575684635441945428534148356953550954371886143141262424305
0.90587913671556967282207483567101178831226219982741084535248542547101682312099032	0.02742650970835694820007383626250582045118415516165097599728093749937650194102361
0.93138669070655433311417438010160126771999708561895042987060486425307304221711170	0.02357076083932437914051930137844923022172973852218859873423906486456506379639131
0.95298770316043086072296066602571834320854133182391873686394760349394587058533359	0.01961616045735552781446071965221270969581303773413223918112083050740924629812168
0.97059159254624725046141198380066005730243391163088370602837235216532330912849175	0.01557931572294384872817695583446031397637626899155246951309343105269243335619995
0.98412458372282685774458360002659883058923922341738472995765016798552977800098051	0.01147723457923453948959266760909162808642050630874764065376681674103503658508737
0.99353017226635075754792875084907411835661474959467192961715183809875461820677718	0.00732755390127626210238397962178655005870790255920135327488182954880698007250283
0.99877100725242611860054149156311364008893765027672103861294048137545884360749170	0.00315334605230583863267731154389148757828393883169362229520949325031958643831686

