49
-0.99882015060663537936183127270411065512368099786450196411294917730284113553855175	0.00302727898892290507748069817582714097283004200383177338523498505117749441355068
-0.99378866194416779076011385925795361884130739493865016760460278652463011184655209	0.00703509959008645147345067831134841086286385703902733685121839711947314689945960
-0.98475789591421300435929899536857471035330746214525295321721635763595906343824043	0.01102055103159358049750828816683333275219356054495774496238045272607110255478308
-0.97176220090155538013997242150477413349786254718090569331922741800279930035720333	0.01496214493562465102958431912020150403628101637276727864603814712394542356459716
-0.95485365867413723355524367966818441905469445190027379192298617405390941622844014	0.01884359585308945844445065339110734926774990201925228031145954277187979168925475
-0.93410029475581014905898246063654490246042295281019199440770187329793241666426811	0.02264920158744667649877096421604288732679749902326477597624388874547093532661838
-0.90958565582807328521301964035580007104277123111671803910684472038382475350787541	0.02636361892706601696094574523974204769446097176574050822775245491359286264418800
-0.88140844557300891003703153581700492615924003726239133961752918309943319595553708	0.02997188462058382535069055807414721006207203595087682892055574360266735467856836
-0.84968211984416570103488187224297933332660433246471624874358696445901776230322607	0.03345946679162217434248715089168920184947986786022845559378921866639076510834956
-0.81453442735985543153950078776477704449467213582275335173676688287103465834481749	0.03681232096300068981946723669888229500136155240598295693885910098531119640633781
-0.77610689434544663501814281224845607126445046182918186527103430254079467279669356	0.04001694576637302136860503674310332142786460746500146849349349445026551685445783
-0.73455425423740269621367421285852488465283545332370183443947098622113964816343367	0.04306043698125959798834548400103849580671358123982176010434847450816204571383250
-0.69004382442513211350475180727494192763350512618903575099154861639628938427147388	0.04593053935559585354249961997212767100882432235462340867676276848035007650980518
-0.64275483241923766405685694858390010954033547225327753254148242796004167559136452	0.04861569588782824027765119728786853088136892861859307263924063514609523830375953
-0.59287769410890071245586433679262853463300101531884759045351079311284616454042565	0.05110509433014459067462280604931856138961244932974338891455793740664446825615518
-0.54061324699172606655822546722943591692410134623836584659794799056320851661236315	0.05338871070825896852794293373017620616558606944822720942216824895397361050788598
-0.48617194145249204217697609605857506207511519433493660528059769391875029432273272	0.05545734967480358869043158148269806720425152407379438375832397303490421293802430
-0.42977299334157652465858414180742303306341789787807200984370710437603330183537976	0.05730268153018747548516459235081653635058043880311968159066044315620183309302931
-0.37164350126228488886373454094696052761474478673392697674986833659903722629473713	0.05891727576002726602452765074249251626249611385947945979416544168624077937127587
-0.31201753211974876220786067650641626509683340799438724958339733686198987403820544	0.06029463095315201730310611687554159049777650891972548781495204583168153295391426
-0.25113517861257727350715594282461127458298417457366425129402655420487586038323763	0.06142920097919293629682664614030107494319000919209793372105041005294553108069535
-0.18924159246181358648531017385998651117967887767881908934443735410392375801605246	0.06231641732005726740107682521594970422413353622132083384423851912547606701344813
-0.12658599726967205106798528857553619032448712106686671351096825791623843303753172	0.06295270746519569947439955578289100636372542776957004137230575183762571727220164
-0.06342068498268678602883482087848497315278687277888038749020913836880463654889169	0.06333550929649174859083692740009052014797141656482582044731117607574844352490371
0.00000000000000000000000000000000000000000000000000000000000000000000000000000000	0.06346328140479059771825346787952963499962952230825221918577749709540970664180767
0.06342068498268678602883482087848497315278687277888038749020913836880463654889169	0.06333550929649174859083692740009052014797141656482582044731117607574844352490371
0.12658599726967205106798528857553619032448712106686671351096825791623843303753172	0.06295270746519569947439955578289100636372542776957004137230575183762571727220164
0.18924159246181358648531017385998651117967887767881908934443735410392375801605246	0.06231641732005726740107682521594970422413353622132083384423851912547606701344813
0.25113517861257727350715594282461127458298417457366425129402655420487586038323763	0.06142920097919293629682664614030107494319000919209793372105041005294553108069535
0.31201753211974876220786067650641626509683340799438724958339733686198987403820544	0.06029463095315201730310611687554159049777650891972548781495204583168153295391426
0.37164350126228488886373454094696052761474478673392697674986833659903722629473713	0.05891727576002726602452765074249251626249611385947945979416544168624077937127587
0.42977299334157652465858414180742303306341789787807200984370710437603330183537976	0.05730268153018747548516459235081653635058043880311968159066044315620183309302931
0.48617194145249204217697609605857506207511519433493660528059769391875029432273272	0.05545734967480358869043158148269806720425152407379438375832397303490421293802430
0.54061324699172606655822546722943591692410134623836584659794799056320851661236315	0.05338871070825896852794293373017620616558606944822720942216824895397361050788598
0.59287769410890071245586433679262853463300101531884759045351079311284616454042565	0.05110509433014459067462280604931856138961244932974338891455793740664446825615518
0.64275483241923766405685694858390010954033547225327753254148242796004167559136452	0.04861569588782824027765119728786853088136892861859307263924063514609523830375953
0.69004382442513211350475180727494192763350512618903575099154861639628938427147388	0.04593053935559585354249961997212767100882432235462340867676276848035007650980518
0.73455425423740269621367421285852488465283545332370183443947098622113964816343367	0.04306043698125959798834548400103849580671358123982176010434847450816204571383250
0.77610689434544663501814281224845607126445046182918186527103430254079467279669356	0.04001694576637302136860503674310332142786460746500146849349349445026551685445783
0.81453442735985543153950078776477704449467213582275335173676688287103465834481749	0.03681232096300068981946723669888229500136155240598295693885910098531119640633781
0.84968211984416570103488187224297933332660433246471624874358696445901776230322607	0.03345946679162217434248715089168920184947986786022845559378921866639076510834956
0.88140844557300891003703153581700492615924003726239133961752918309943319595553708	0.02997188462058382535069055807414721006207203595087682892055574360266735467856836
0.90958565582807328521301964035580007104277123111671803910684472038382475350787541	0.02636361892706601696094574523974204769446097176574050822775245491359286264418800
0.93410029475581014905898246063654490246042295281019199440770187329793241666426811	0.02264920158744667649877096421604288732679749902326477597624388874547093532661838
0.95485365867413723355524367966818441905469445190027379192298617405390941622844014	0.01884359585308945844445065339110734926774990201925228031145954277187979168925475
0.97176220090155538013997242150477413349786254718090569331922741800279930035720333	0.01496214493562465102958431912020150403628101637276727864603814712394542356459716
0.98475789591421300435929899536857471035330746214525295321721635763595906343824043	0.01102055103159358049750828816683333275219356054495774496238045272607110255478308
0.99378866194416779076011385925795361884130739493865016760460278652463011184655209	0.00703509959008645147345067831134841086286385703902733685121839711947314689945960
0.99882015060663537936183127270411065512368099786450196411294917730284113553855175	0.00302727898892290507748069817582714097283004200383177338523498505117749441355068

