50
-0.99886640442007105018545944497421850599624351290407852517703861765753910830827196	0.00290862255315514095840072434285548080667299645994632061859352728355077104010754
-0.99403196943209071258510820042069472815747797106832359033652478911593331024419862	0.00675979919574540150277887817798503180187383240646681055287870585540299679448568
-0.98535408404800588230900962563248940401559263094540580871780922100853508147025077	0.01059054838365096926356968149924102233940181908645912945633471714564916062902686
-0.97286438510669207371334410460625205366917340704995420174509627522567671898581679	0.01438082276148557441937890892732434993703178617058789277210162215425173656331689
-0.95661095524280794299774564415662209405143412462604654285597908297305530629680894	0.01811556071348939035125994342235461984466731704973403542645291587336228972336591
-0.93665661894487793378087494727249660215373159809520292237505427380935613123492303	0.02178024317012479298159206906269034122731346235793429604402713944767083022199498
-0.91307855665579189308973564277165709478418819169778238962272655320085243401065156	0.02536067357001239044019487838544272346016125997571213733939633295203775774672753
-0.88596797952361304863754098246675363419429031075580836244655713965488732583740755	0.02884299358053519802990637311323243251784686559353745783571262305626532966428434
-0.85542976942994608461136264393475746765483303948690596343832992034131863007185764	0.03221372822357801664816582732300395344858905883342521715832960541591130024517646
-0.82158207085933594835625411087393953776074138334348574852337446061546866560613472	0.03545983561514615416073461100097579709696000049698447091287045085997116653047997
-0.78455583290039926390530519634099120084731627255644435273885912189313102039399999	0.03856875661258767524477015023638593486477170500051892651080740015226675324994748
-0.74449430222606853826053625268219424287018793132958457852477914793292979130886952	0.04152846309014769742241197896406701780897797548584099007703697795218528100665053
-0.70155246870682225108954625788365572814971922848469564274092437903329224583459530	0.04432750433880327549202228683039419746076129835545316566323190682762272947147728
-0.65589646568543936078162486400367981904141052838233182653093459139210847858075176	0.04695505130394843296563301363498768251406430618605272996580427934336506071982918
-0.60770292718495023918038179639183289360420502067599435571213118893968564768342092	0.04940093844946631492124358075143272869228705096661312479212356024806984570588939
-0.55715830451465005431552290962580160781589838223775026131646148676048945218873218	0.05165570306958113848990529584009527964982544939543964509953318645119217730856287
-0.50445814490746420165145913184914119263537867827067923818273921096822637869393260	0.05371062188899624652345879725566455276802321352992215304589999918159651617567568
-0.44980633497403878914713146777837581731506451346517366594148066988597085369890422	0.05555774480621251762356742561226949759513529998390267581717277851031855071459573
-0.39341431189756512739422925382381727024613946867265600307903662085649772812439877	0.05718992564772838372302931506599316301157537225709175493685378135280492566685638
-0.33550024541943735683698825729107169784121859303679576190043053971098619482533102	0.05860084981322244583512243663084846620976751344402547331325034247535448005060100
-0.27628819377953199032764527852113018571480158713199615061350557943837692361969810	0.05978505870426545750957640531258523079666604207266900458524197880361922141420328
-0.21600723687604175684728453261710133370575597251013327270362112636199019383500047	0.06073797084177021603175001538481100160979927323540353572319677456175957651712505
-0.15489058999814590207162862094110950120185022005493763239673032635355782483236109	0.06145589959031666375640678608391537509726757576400751430922405035905910995221697
-0.09317470156008614085445037763960034788567138392213861468288915564618025166742951	0.06193606742068324338408750978083068857287705669124490494275970611695482128688687
-0.03109833832718887611232898966594919424729622295999804297479623566203052396060046	0.06217661665534726232103310736061343086768246920102663310116563761975761160051615
0.03109833832718887611232898966594919424729622295999804297479623566203052396060046	0.06217661665534726232103310736061343086768246920102663310116563761975761160051615
0.09317470156008614085445037763960034788567138392213861468288915564618025166742951	0.06193606742068324338408750978083068857287705669124490494275970611695482128688687
0.15489058999814590207162862094110950120185022005493763239673032635355782483236109	0.06145589959031666375640678608391537509726757576400751430922405035905910995221697
0.21600723687604175684728453261710133370575597251013327270362112636199019383500047	0.06073797084177021603175001538481100160979927323540353572319677456175957651712505
0.27628819377953199032764527852113018571480158713199615061350557943837692361969810	0.05978505870426545750957640531258523079666604207266900458524197880361922141420328
0.33550024541943735683698825729107169784121859303679576190043053971098619482533102	0.05860084981322244583512243663084846620976751344402547331325034247535448005060100
0.39341431189756512739422925382381727024613946867265600307903662085649772812439877	0.05718992564772838372302931506599316301157537225709175493685378135280492566685638
0.44980633497403878914713146777837581731506451346517366594148066988597085369890422	0.05555774480621251762356742561226949759513529998390267581717277851031855071459573
0.50445814490746420165145913184914119263537867827067923818273921096822637869393260	0.05371062188899624652345879725566455276802321352992215304589999918159651617567568
0.55715830451465005431552290962580160781589838223775026131646148676048945218873218	0.05165570306958113848990529584009527964982544939543964509953318645119217730856287
0.60770292718495023918038179639183289360420502067599435571213118893968564768342092	0.04940093844946631492124358075143272869228705096661312479212356024806984570588939
0.65589646568543936078162486400367981904141052838233182653093459139210847858075176	0.04695505130394843296563301363498768251406430618605272996580427934336506071982918
0.70155246870682225108954625788365572814971922848469564274092437903329224583459530	0.04432750433880327549202228683039419746076129835545316566323190682762272947147728
0.74449430222606853826053625268219424287018793132958457852477914793292979130886952	0.04152846309014769742241197896406701780897797548584099007703697795218528100665053
0.78455583290039926390530519634099120084731627255644435273885912189313102039399999	0.03856875661258767524477015023638593486477170500051892651080740015226675324994748
0.82158207085933594835625411087393953776074138334348574852337446061546866560613472	0.03545983561514615416073461100097579709696000049698447091287045085997116653047997
0.85542976942994608461136264393475746765483303948690596343832992034131863007185764	0.03221372822357801664816582732300395344858905883342521715832960541591130024517646
0.88596797952361304863754098246675363419429031075580836244655713965488732583740755	0.02884299358053519802990637311323243251784686559353745783571262305626532966428434
0.91307855665579189308973564277165709478418819169778238962272655320085243401065156	0.02536067357001239044019487838544272346016125997571213733939633295203775774672753
0.93665661894487793378087494727249660215373159809520292237505427380935613123492303	0.02178024317012479298159206906269034122731346235793429604402713944767083022199498
0.95661095524280794299774564415662209405143412462604654285597908297305530629680894	0.01811556071348939035125994342235461984466731704973403542645291587336228972336591
0.97286438510669207371334410460625205366917340704995420174509627522567671898581679	0.01438082276148557441937890892732434993703178617058789277210162215425173656331689
0.98535408404800588230900962563248940401559263094540580871780922100853508147025077	0.01059054838365096926356968149924102233940181908645912945633471714564916062902686
0.99403196943209071258510820042069472815747797106832359033652478911593331024419862	0.00675979919574540150277887817798503180187383240646681055287870585540299679448568
0.99886640442007105018545944497421850599624351290407852517703861765753910830827196	0.00290862255315514095840072434285548080667299645994632061859352728355077104010754

