51
-0.99890999084890349516899587727338563708424992188818878966860320740571804955352861	0.00279680717108989557554421688180904822421769963401154216976071309800023111467959
-0.99426126043675257462108489794926312823178439027901499730058325651029109830232879	0.00650033778325260029210937519853752883309494300542583878500699911081910205765728
-0.98591599173590299658388570755830963265211577808719691674680068120016713655732779	0.01018519129782172993923759178660672838581163608421210042111508522888861596565109
-0.97390336801932386723175548639418663901310650631571286670207449098126270576436148	0.01383263400647782229668845302185641595601855207657203854868743591716610479184366
-0.95826784861390819455770703831632372761244401855586884712030945705531430778475663	0.01742871472340105225950364643329243556835677829361894028635421620807246828209577
-0.93906754400296238343536780639090514416516382215016844060256520521437298745681637	0.02095998840170321057979261840151417207304048518843009609646063386271994068931136
-0.91637386230978023082357129425147587936604267173137565290400106438550213929737815	0.02441330057378143427314156541689820874368317047202818414742999942270097288589065
-0.89027121802952730327779537073672689355779979887058883136465987901125116447111564	0.02777579859416247719599566563220891636835124864853783957696764020261337558719453
-0.86085671118229237147349574371611132357734492551096262820622622385192386824400719	0.03103497129016000845442550295654737729610897816621751289774925456962434566313901
-0.82823976382306483285481842401656236426238778158632526009844607494524057907644295	0.03417869320418833623620933859476752904882586358309770474514690332880244555453391
-0.79254171209938120523441087837587573015732246374836771370424761764543915037997119	0.03719526892326029284290827581187102513411271037373731002613080499925731478011309
-0.75389535448537552576396002545247398763063736381467651456572079500976756675737262	0.04007347628549645318680911592139591120116433102873524205105922524479599344873409
-0.71244445757703664458052485540014564303694479021724814681615199499309624204516660	0.04280260799788008665360951424428570083717527402185207761513652063130117954659639
-0.66834322117537008686446041940398887592960851177337599584788165286407587074940487	0.04537251140765006874816681498843785131382995671950964358704561190531300188277317
-0.62175570460072327375504274540331595005438756687016283567661620690047238236447236	0.04777362624062310199999535370735361734053928047565788767739010836644397184656128
-0.57285521635130383652239470259019090742094312072379945707362533571859774807981583	0.04999702015005740977954885536200578556873674938598670749131350575671287070905360
-0.52182366936618584251408778482681802456935024586935804909812692911575777337800808	0.05203442193669708756413644746866237321548397471438220298709979379203825768312108
-0.46885090428604106361045725881162246880672263543008757950256232424972865588679776	0.05387825231304556143409930169697198376005996774044533168072578604858692513338916
-0.41413398322630387793687180974465790792397717046939456279732719318881238854797817	0.05552165209573869301673705909362416078086370541559638841304120999499751629081555
-0.35787645668840950977520108851966635689638392209596833403915550346458296160927518	0.05695850772025866210007772673427716487840945032509279446545634266060768267003785
-0.30028760633533193953024564964442033333133838051304991601719274909232020719117852	0.05818347398259214059843787766177593266780125764454458260422124493329749832633053
-0.24158166644779870384673311486926242373879324647241357779819372577537396759054814	0.05919199392296154378353900774915460887093004603607117948184737093364013612849943
-0.18197702695707754532399870116921444992392011653400331319041496966556364192070892	0.05998031577750325209006398799651711617306209554543300357033930307502457400197622
-0.12169542101888876696382042096318110874530328748446984437471113710749124764918234	0.06054550693473779513812525146775416275368493437724097338782809100159315773463748
-0.06096110015057872473419470684320540469703046426951978443297042345580045873616804	0.06088546484485634388119861422269621972807601028027365238002650290988038208416484
0.00000000000000000000000000000000000000000000000000000000000000000000000000000000	0.06099892484120588015979764309835605055712180152657844981331939359420387028239876
0.06096110015057872473419470684320540469703046426951978443297042345580045873616804	0.06088546484485634388119861422269621972807601028027365238002650290988038208416484
0.12169542101888876696382042096318110874530328748446984437471113710749124764918234	0.06054550693473779513812525146775416275368493437724097338782809100159315773463748
0.18197702695707754532399870116921444992392011653400331319041496966556364192070892	0.05998031577750325209006398799651711617306209554543300357033930307502457400197622
0.24158166644779870384673311486926242373879324647241357779819372577537396759054814	0.05919199392296154378353900774915460887093004603607117948184737093364013612849943
0.30028760633533193953024564964442033333133838051304991601719274909232020719117852	0.05818347398259214059843787766177593266780125764454458260422124493329749832633053
0.35787645668840950977520108851966635689638392209596833403915550346458296160927518	0.05695850772025866210007772673427716487840945032509279446545634266060768267003785
0.41413398322630387793687180974465790792397717046939456279732719318881238854797817	0.05552165209573869301673705909362416078086370541559638841304120999499751629081555
0.46885090428604106361045725881162246880672263543008757950256232424972865588679776	0.05387825231304556143409930169697198376005996774044533168072578604858692513338916
0.52182366936618584251408778482681802456935024586935804909812692911575777337800808	0.05203442193669708756413644746866237321548397471438220298709979379203825768312108
0.57285521635130383652239470259019090742094312072379945707362533571859774807981583	0.04999702015005740977954885536200578556873674938598670749131350575671287070905360
0.62175570460072327375504274540331595005438756687016283567661620690047238236447236	0.04777362624062310199999535370735361734053928047565788767739010836644397184656128
0.66834322117537008686446041940398887592960851177337599584788165286407587074940487	0.04537251140765006874816681498843785131382995671950964358704561190531300188277317
0.71244445757703664458052485540014564303694479021724814681615199499309624204516660	0.04280260799788008665360951424428570083717527402185207761513652063130117954659639
0.75389535448537552576396002545247398763063736381467651456572079500976756675737262	0.04007347628549645318680911592139591120116433102873524205105922524479599344873409
0.79254171209938120523441087837587573015732246374836771370424761764543915037997119	0.03719526892326029284290827581187102513411271037373731002613080499925731478011309
0.82823976382306483285481842401656236426238778158632526009844607494524057907644295	0.03417869320418833623620933859476752904882586358309770474514690332880244555453391
0.86085671118229237147349574371611132357734492551096262820622622385192386824400719	0.03103497129016000845442550295654737729610897816621751289774925456962434566313901
0.89027121802952730327779537073672689355779979887058883136465987901125116447111564	0.02777579859416247719599566563220891636835124864853783957696764020261337558719453
0.91637386230978023082357129425147587936604267173137565290400106438550213929737815	0.02441330057378143427314156541689820874368317047202818414742999942270097288589065
0.93906754400296238343536780639090514416516382215016844060256520521437298745681637	0.02095998840170321057979261840151417207304048518843009609646063386271994068931136
0.95826784861390819455770703831632372761244401855586884712030945705531430778475663	0.01742871472340105225950364643329243556835677829361894028635421620807246828209577
0.97390336801932386723175548639418663901310650631571286670207449098126270576436148	0.01383263400647782229668845302185641595601855207657203854868743591716610479184366
0.98591599173590299658388570755830963265211577808719691674680068120016713655732779	0.01018519129782172993923759178660672838581163608421210042111508522888861596565109
0.99426126043675257462108489794926312823178439027901499730058325651029109830232879	0.00650033778325260029210937519853752883309494300542583878500699911081910205765728
0.99890999084890349516899587727338563708424992188818878966860320740571804955352861	0.00279680717108989557554421688180904822421769963401154216976071309800023111467959

