8
-0.96028985649753623168356086856947299042823523430145203827163977737242489774341928	0.10122853629037625915253135430996219011539409105168495705900369806474017876347078
-0.79666647741362673959155393647583043683717173161596483207017029503921730567647309	0.22238103445337447054435599442624088443013087005124956472590928929361681457044904
-0.52553240991632898581773904918924634904196424312039285775085709927245482076856127	0.31370664587788728733796220198660131326032899900273493769026394507495627194217350
-0.18343464249564980493947614236018398066675781291297378231718847369920447422154211	0.36268378337836198296515044927719561219414603989433054052482306756668673472390668
0.18343464249564980493947614236018398066675781291297378231718847369920447422154211	0.36268378337836198296515044927719561219414603989433054052482306756668673472390668
0.52553240991632898581773904918924634904196424312039285775085709927245482076856127	0.31370664587788728733796220198660131326032899900273493769026394507495627194217350
0.79666647741362673959155393647583043683717173161596483207017029503921730567647309	0.22238103445337447054435599442624088443013087005124956472590928929361681457044904
0.96028985649753623168356086856947299042823523430145203827163977737242489774341928	0.10122853629037625915253135430996219011539409105168495705900369806474017876347078

